iteration,n_func_evals,loss,pde_loss,ic_loss,bc_loss,wall_time
0,0,5.04198928665654,0.0002166595472582905,0.5041203907027595,5.687200816869236e-05,0.0045107388868927956
1,2,4.658226450190996,0.00029532361555730885,0.4541248716436942,0.011668241013849568,0.019009304232895374
2,3,4.525019364460122,0.0007882122990361607,0.4049451303918367,0.04747798482427186,0.026836244389414787
3,4,4.5128730069384755,0.0008223779833338498,0.3997484572398639,0.0514566056556502,0.03532283753156662
4,5,4.495038281461896,0.0007769482594282483,0.4027230064536279,0.046703126866618865,0.04341321438550949
5,6,4.467248856295312,0.000932280562137636,0.4034409315219496,0.043190726051367825,0.05164657160639763
6,7,4.397230144865647,0.0030539915427413174,0.3995384061024558,0.03987920922983482,0.060069975443184376
7,8,4.2928506535951145,0.012082631210516392,0.3861563550364434,0.04192044720201636,0.0685780942440033
8,9,4.065671456760289,0.04809668873843676,0.350660278999137,0.05109719780304822,0.07716066110879183
9,11,3.9805639445573187,0.07294178880336238,0.33233197196416925,0.05843024361122635,0.09190657362341881
10,12,3.8762782513572493,0.0798893377974063,0.32295602958738556,0.05668286176859877,0.10170882008969784
11,14,3.819133500821326,0.11173567900418693,0.2974754273327582,0.07326435484895569,0.1176100866869092
12,15,3.801299317946955,0.11785697851882705,0.31281732737831974,0.05552690656449309,0.12679889518767595
13,16,3.7905919392960765,0.11608462448794708,0.30645600677303114,0.06099472470778182,0.13666929304599762
14,17,3.7875247369594947,0.11441197940885552,0.305324064723372,0.06198721103169194,0.14619939774274826
15,18,3.760686913610974,0.11107385702413554,0.2966732539836848,0.06828805167499902,0.15581094939261675
16,19,3.6686953441640684,0.08847420269660677,0.2852888113743868,0.07273330277235937,0.16560659185051918
17,21,3.53536976120858,0.04469896863738096,0.28836932598289516,0.06069775327422472,0.18234109971672297
18,22,3.3917593160254107,0.05177881540675425,0.2281289578581314,0.10586909220373425,0.19292492978274822
19,23,3.062350613577503,0.04924163181220642,0.23203018938517836,0.06928070879135133,0.2030558455735445
20,25,2.99968219563144,0.03471523557690695,0.25102525399515435,0.045471442010298936,0.22008502017706633
21,27,2.875969810358578,0.035535309965417115,0.2416104203216281,0.04243302971768802,0.23760209418833256
22,28,2.7647411239087036,0.04394314847204194,0.21970350165093458,0.05237629589273157,0.2482236623764038
23,29,2.4874100296931436,0.11988007569541388,0.14933954375280245,0.0874134516469705,0.259458732791245
24,30,2.1160335966052695,0.20590238761008198,0.11970330746477245,0.07130981343474631,0.2702521290630102
25,32,1.5838950154983196,0.42976243848709517,0.05461219681666244,0.060801060884459995,0.28772086557000875
26,33,1.2176711629711336,0.3149562846164818,0.028484752118773295,0.06178673571669191,0.29896242171525955
27,35,0.7265257422227547,0.3680180697985542,0.006457775632194744,0.0293929916102253,0.3176152100786567
28,37,0.7171231261758995,0.4297280083975549,0.005933853483024422,0.022805658294810037,0.3359194016084075
29,38,0.6683238195334685,0.3671867198158988,0.009019751618878906,0.021093958352878077,0.34744404535740614
30,39,0.6314938788347356,0.39845619344992783,0.00930500238673899,0.013998766151741789,0.3590559018775821
31,40,0.5752255207820854,0.43580542992588456,0.007981397361843017,0.005960611723777076,0.37077511474490166
32,41,0.5383805523922606,0.4166073900142088,0.007179722795829194,0.00499759344197598,0.3825353244319558
33,42,0.522727392594855,0.4006577093592344,0.007521142813073726,0.004685825510488332,0.3943109167739749
34,43,0.4860399718430301,0.36122234313424306,0.00863741182633378,0.003844351044544924,0.40620899200439453
35,44,0.46089288926153976,0.3581551438433488,0.007168101355020899,0.0031056731867981986,0.41827342938631773
36,45,0.4130119822544587,0.3359411777743835,0.005745805099892847,0.0019612753481146727,0.4303696285933256
37,46,0.4500698423278493,0.38371954850435885,0.004204867016023063,0.002430162366325984,0.4425166491419077
38,47,0.42784005595595687,0.3623226302997603,0.0042391139781016215,0.002312628587518036,0.4547876138240099
39,48,0.4283563514721667,0.3629286227009919,0.004215897251154169,0.002326875625963308,0.46722989063709974
40,49,0.43353298628588843,0.3687131588325796,0.004013262587345455,0.0024687201579854283,0.48058395367115736
41,50,0.4393437559685526,0.3760250694806657,0.0038430508102987506,0.0024888178384899354,0.4930707598105073
42,51,0.45048723252418815,0.39193246612178356,0.00351322542517948,0.002342251215060983,0.5056029548868537
43,52,0.4537451498475481,0.40102305927185766,0.0032169624372468653,0.0020552466203221757,0.5183889418840408
44,53,0.4461727160402333,0.4008869004601252,0.002804261489444685,0.0017243200685661223,0.5311740497127175
45,54,0.4586677123242197,0.42349038064108546,0.0023658094912932326,0.0011519236770201964,0.5445395233109593
46,55,0.43885389405342956,0.4065979971362875,0.0022598076570509752,0.0009657820346632277,0.5575617104768753
47,56,0.44940792594038126,0.420460431897345,0.002056782009000599,0.0008379673953030286,0.5704774241894484
48,57,0.44523531028579316,0.42007648503214884,0.0017387612555415425,0.0007771212698228886,0.5834304941818118
49,58,0.44817205816939787,0.42599451657466647,0.001503487553332295,0.0007142666061408472,0.5965957008302212
50,59,0.45334149102700044,0.4333393019093586,0.0013301283231621514,0.0006700905886020373,0.6104025794193149
51,60,0.461000801524989,0.44420236462962137,0.0011186695972574931,0.0005611740922792693,0.623756199143827
52,61,0.47978644822034755,0.4674361964787926,0.0008513630974662689,0.0003836620766892288,0.6381226256489754
53,62,0.48338247697457637,0.4716286010636758,0.0006905416601996927,0.0004848459308903603,0.6515958458185196
54,63,0.4779712536859224,0.4677962428763591,0.0006081241631545872,0.0004093769178017395,0.6652247533202171
55,64,0.4888153934530765,0.48017675641843016,0.0005157088506358326,0.0003481548528288004,0.6789927873760462
56,65,0.46920822832443015,0.4623552781598926,0.0004167001750691571,0.00026859484138459935,0.6926845731213689
57,66,0.46902035185220636,0.4627967521959547,0.00039334611484963494,0.00022901385077553127,0.7065800065174699
58,67,0.4711787701896949,0.465347504996289,0.00037720112941317356,0.00020592538992741144,0.720627911388874
59,68,0.47682606584813403,0.4713480586536183,0.0003828893356298271,0.0001649113838217484,0.7346117300912738
60,69,0.4803371514787187,0.47506965750435465,0.00039735618331360455,0.0001293932141228019,0.7488382458686829
61,70,0.48601977456315937,0.48149384040301507,0.00037733835466115896,7.525506135326832e-05,0.7631828235462308
62,71,0.4810339840788529,0.4771388830722443,0.0003351656326462982,5.434446801455847e-05,0.7773501174524426
63,72,0.4738619174673782,0.4702826920885524,0.0002842048289483601,7.37177089342239e-05,0.792481379583478
64,73,0.4471544714399839,0.44259726125712434,0.0003399321894744653,0.00011578882881148579,0.8069593012332916
65,75,0.4434939667140575,0.43773297974959335,0.00034341627754360575,0.0002326824189028093,0.8275053221732378
66,77,0.43194670805657054,0.4261966557386789,0.0003377976083927523,0.00023720762339641345,0.8481940012425184
67,78,0.43256941428217843,0.4271668213538155,0.0003348039760075593,0.000205455316828733,0.8629284631460905
68,79,0.4263914491908628,0.42114478566865887,0.0003120208507153964,0.00021264550150499662,0.8776850011199713
69,80,0.40334015897931613,0.3978368495867622,0.00031329491548062234,0.00023703602377477304,0.8924654871225357
70,81,0.39497431089619095,0.3899898465788414,0.0002512367317680973,0.00024720969996685837,0.9073631754145026
71,82,0.37058943480602347,0.36615000951675497,0.0002721052278645137,0.00017183730106233445,0.9222972430288792
72,83,0.3613583681849602,0.35701778075078794,0.0002521519090081341,0.00018190683440909107,0.9373933142051101
73,84,0.34938967900032786,0.3447104364539296,0.00028595522461007377,0.00018196903002975096,0.9527867082506418
74,85,0.3515843296634151,0.34655144517112857,0.00030819812123611585,0.0001950903279925389,0.968129470013082
75,86,0.3441005670279969,0.33849671546408294,0.0003528436224915168,0.00020754153389987738,0.9833976523950696
76,87,0.36353625713130855,0.3586994991444001,0.0003039167809268928,0.00017975901776395107,0.9989346116781235
77,88,0.3659382022809855,0.36165681607735517,0.0002706566648787302,0.00015748195548430106,1.0144049394875765
78,89,0.3639010182547941,0.3599792991725477,0.0002535371498436386,0.00013863475838100023,1.0299802022054791
79,90,0.35833666195462305,0.35442613625555425,0.00025210519819153716,0.00013894737171534158,1.0456387056037784
80,91,0.3405933307800427,0.3367733322037429,0.0002587779915196305,0.00012322186611035349,1.0613884972408414
81,92,0.3371651495513258,0.3337865506158962,0.00024349545048140512,9.436444306155872e-05,1.0771935796365142
82,93,0.33132559233370373,0.32822097161454505,0.00022405519272460268,8.64068791912662e-05,1.0941300708800554
83,94,0.3312017377687143,0.3281647362105064,0.00021169470863716222,9.200544718362994e-05,1.110119135119021
84,95,0.3186388862733515,0.3154221244506108,0.00023005598656499038,9.162019570907914e-05,1.1262207496911287
85,96,0.3183174802847537,0.3150965322564314,0.00023140821739698372,9.068658543524353e-05,1.1429369803518057
86,97,0.3179345364312793,0.3147183125004684,0.0002341546210435863,8.74677720375025e-05,1.1603405252099037
87,98,0.31804411701314683,0.3148351164236688,0.0002349655993014346,8.593445964636849e-05,1.1765888296067715
88,99,0.31829706356252985,0.3151073019272515,0.00023580630821856395,8.316985530927454e-05,1.1930228481069207
89,100,0.31810148021639767,0.31493685826839746,0.0002351102759830242,8.135191881699538e-05,1.2096114810556173
90,101,0.31703114433874496,0.3139079224959433,0.00023126167845139282,8.106050582877409e-05,1.2261827001348138
91,102,0.3136146417275211,0.3105588447767564,0.00022674527187740247,7.883442319906951e-05,1.24289539642632
92,103,0.3103972209748997,0.3074079416054514,0.0002245099426322101,7.441799431262272e-05,1.2598491609096527
93,104,0.301666752727526,0.29855505347308947,0.00026209158754464585,4.907833789901028e-05,1.2767928540706635
94,106,0.3074353201076383,0.3044358224728961,0.0002355204017407034,6.442936173352016e-05,1.300934849306941
95,107,0.3035880413658745,0.3004122820063064,0.0002449805842463787,7.259535171043178e-05,1.318095974624157
96,108,0.31032677307789375,0.3076931417911566,0.00021135821990607241,5.200490876764599e-05,1.335222015157342
97,109,0.3080452817137698,0.3053923214498601,0.0002139372683323574,5.135875805861156e-05,1.3525360627099872
98,110,0.3081395725693051,0.30548542184125194,0.00021511446263147824,5.0300610173838474e-05,1.3699722662568092
99,111,0.30732447178248196,0.30463300576029184,0.00021779380747056543,5.135279474844108e-05,1.3873594822362065
100,112,0.30693905770720453,0.30417558005346035,0.00022021968579811162,5.6128079576308456e-05,1.4048218373209238
101,113,0.30602899639148384,0.3031211039508459,0.00022228742884265816,6.850181522113496e-05,1.4225526126101613
102,114,0.3065183847409973,0.30343480281983753,0.0002277047054841099,8.065348663186618e-05,1.4401350114494562
103,115,0.3096759700108945,0.3065189377921775,0.0002223998930351294,9.330332883656907e-05,1.457712845876813
104,116,0.3136717656812029,0.3104656335617413,0.00021684722024827293,0.00010376599169788852,1.4754253830760717
105,117,0.3142835769006707,0.31119305945329034,0.0002056063464090796,0.00010344539832895445,1.493012142367661
106,118,0.3314722440959337,0.3285516510451494,0.00019701384054004686,9.50454645383833e-05,1.5106602860614657
107,119,0.3235917381258841,0.3211173074713894,0.0001495471097689822,9.789595568048543e-05,1.528312487527728
108,120,0.3334226170360683,0.33128879712119924,0.0001408322423203908,7.254974916651181e-05,1.5459026927128434
109,121,0.33298298724470965,0.3310103226716745,0.0001269268274000228,7.033962990349513e-05,1.5636249156668782
110,122,0.33517639473047844,0.33332317596644007,0.00011372539654792723,7.159647985591044e-05,1.5811960231512785
111,123,0.3373298162808044,0.33562194171943727,0.00010261212442921334,6.817533170749797e-05,1.5988248465582728
112,124,0.33789225315556143,0.3363226799938808,9.269688269452962e-05,6.426043347352658e-05,1.6164339492097497
113,125,0.3384733529375564,0.33698567728184975,9.098646421539163e-05,5.778110135527763e-05,1.6339879129081964
114,126,0.3349688921768381,0.33351852176033253,9.373843470955191e-05,5.129860694100569e-05,1.651608477346599
115,127,0.33654736260321594,0.33516828406317456,9.130700766828444e-05,4.660084633585121e-05,1.6692679468542337
116,128,0.33663703252551147,0.3352541106206458,9.146032638254073e-05,4.6831864104023774e-05,1.686830292455852
117,129,0.33628143638239927,0.3349298904289161,8.795016957777056e-05,4.7204425770548515e-05,1.7043272573500872
118,130,0.3369023890101607,0.3355890784156008,8.557881902632719e-05,4.575224042966006e-05,1.721904695034027
119,131,0.33580429330614253,0.33457289167531545,8.286357321244654e-05,4.0276589870265106e-05,1.7394939698278904
120,132,0.3347333283569911,0.33357978476380823,8.027535205187772e-05,3.5079007266408125e-05,1.7571073062717915
121,133,0.33048827585998447,0.3294353592642939,7.557421862006769e-05,2.9717440948991357e-05,1.7746025575324893
122,134,0.3356154899315442,0.3344416990337063,8.922908922686057e-05,2.8150000556930214e-05,1.7921868860721588
123,135,0.33410420778770666,0.33337123200030944,5.149757423381356e-05,2.180000450591421e-05,1.8097733333706856
124,136,0.3328795161297121,0.3320756630307071,5.1259399419102344e-05,2.9125910481396037e-05,1.8272821148857474
125,137,0.3340055788851753,0.3332699952058686,4.555543447373396e-05,2.8002933456937954e-05,1.8448205906897783
126,138,0.33158641249311827,0.330872753961313,4.466050626487498e-05,2.6705346915648426e-05,1.8624022472649813
127,139,0.33161898508048887,0.3308949146703521,4.4225200298158164e-05,2.8181840715520773e-05,1.879948909394443
128,140,0.33112928835282385,0.33044965359502054,4.4508311072809806e-05,2.3455164707521637e-05,1.8979967627674341
129,141,0.33120794753954325,0.3306081214830999,4.201875088340952e-05,1.7963854760922734e-05,1.9156026868149638
130,142,0.33189847649378573,0.3313223933537632,4.025030645687754e-05,1.7358007545378234e-05,1.9331881161779165
131,143,0.3323020076220137,0.33176699004952964,3.722537036586812e-05,1.6276386882535422e-05,1.9508012356236577
132,144,0.3321474343618315,0.3316285267777912,3.5376093723826234e-05,1.6514664680202762e-05,1.9685348002240062
133,145,0.3299763258772958,0.32944646247581294,3.378849480528448e-05,1.9197845343002273e-05,1.9860540460795164
134,146,0.3278524564541464,0.3272763298414885,3.542357201408993e-05,2.2189089251700994e-05,2.0036425702273846
135,147,0.3251886321901444,0.3245210015687477,3.94825266046194e-05,2.7280535535049882e-05,2.0211994405835867
136,148,0.3254700109436244,0.3247374129202139,4.203607143498673e-05,3.1223730906057916e-05,2.0387528613209724
137,149,0.3289026921156773,0.32810143277930354,4.589087647703809e-05,3.423505716033804e-05,2.0562978396192193
138,150,0.3356692631090926,0.3349064396472004,4.262452325072972e-05,3.3657822938490864e-05,2.074375285767019
139,152,0.3402010224985333,0.33947798972957355,4.592725798930308e-05,2.6376018906669334e-05,2.0981254037469625
140,154,0.3423100741095415,0.34169104908747133,3.6280139555154174e-05,2.5622362651863925e-05,2.121952843852341
141,155,0.3403774125943518,0.33982878266210975,3.483764490421877e-05,2.002534831998774e-05,2.1395277911797166
142,156,0.337158007045068,0.3366410672694754,3.450219364046231e-05,1.7191783918796378e-05,2.157140643335879
143,157,0.33423685795988,0.3337410445772266,3.229668060680686e-05,1.7284657658531707e-05,2.1746472027152777
144,158,0.3350474021373484,0.3345232061830231,3.324586674378205e-05,1.917372868874863e-05,2.192172970622778
145,159,0.3358499417725519,0.3353261422056557,3.40895244009197e-05,1.829043228869982e-05,2.20971957501024
146,160,0.33617562051050925,0.33567377550272337,3.351735849335578e-05,1.6667142285230962e-05,2.2272494276985526
147,161,0.3362269063988448,0.33573024771322196,3.30204672005713e-05,1.6645401361707925e-05,2.2447988856583834
148,162,0.33636639345968766,0.335877339643826,3.2369476801443937e-05,1.653590478472794e-05,2.2624321272596717
149,163,0.33660451804514535,0.33612124563139684,3.1988395699628005e-05,1.633884567522189e-05,2.2800027448683977
150,164,0.3371543193755734,0.33667999173640495,3.135218490005293e-05,1.6080579016790737e-05,2.2975463327020407
151,165,0.33799755829782446,0.33752860389577205,3.0995111259949886e-05,1.5900328945291846e-05,2.315176248550415
152,166,0.33953927242711107,0.3390739315982861,3.061501313810532e-05,1.5919069744391016e-05,2.332794406451285
153,167,0.3413702996986433,0.34090050463698257,3.075415388241181e-05,1.622535228366208e-05,2.3504152363166213
154,168,0.3434210787037794,0.3429404988160883,3.144371360211965e-05,1.6614275166993653e-05,2.3680648105219007
155,169,0.34476141501388713,0.3442736721805182,3.2625202937851684e-05,1.614908039904109e-05,2.3855949034914374
156,170,0.34436436062784326,0.3439035756289207,3.2038182233903444e-05,1.4040317658352423e-05,2.4031452666968107
157,171,0.34248700413894134,0.3420792467763485,2.8806244765710292e-05,1.1969491493572575e-05,2.420699581503868
158,172,0.34013640658131167,0.3397372704407278,2.859591152655777e-05,1.1317702531826703e-05,2.438278954476118
159,173,0.33817972035897126,0.3378321011605348,2.474254846107353e-05,1.0019371382577084e-05,2.4558317540213466
160,174,0.33870087223038325,0.338360331771654,2.4747739738167008e-05,9.30630613475914e-06,2.4734830362722278
161,175,0.3388296598060694,0.3385035653904112,2.4484551863550065e-05,8.124889702263443e-06,2.491049015894532
162,176,0.3392665171545663,0.3389421998068528,2.433865037722961e-05,8.09308439412009e-06,2.5086091114208102
163,177,0.33916367510014117,0.33883943856108917,2.416584396849469e-05,8.25780993670709e-06,2.5261861393228173
164,178,0.3392485538252307,0.3389239003129747,2.399748745649753e-05,8.467863769108906e-06,2.543733158148825
165,179,0.33943257353895595,0.3391031347787542,2.4173125313660067e-05,8.770750706516033e-06,2.561314727179706
166,180,0.3396100151957948,0.339273841051567,2.4621478152019755e-05,8.995936270759645e-06,2.5788872577250004
167,181,0.3404612556140927,0.340141437379168,2.3593174693514828e-05,8.38864879895018e-06,2.5964146871119738
168,182,0.3416971102921026,0.341407960891413,2.1465004138133912e-05,7.449935930824547e-06,2.614082888700068
169,183,0.3423112962445184,0.3420694113780219,1.7613246036914308e-05,6.575240612741139e-06,2.631602111272514
170,184,0.3411278487678734,0.3408803706695051,1.2961866209230266e-05,1.1785943627594618e-05,2.649942579679191
171,186,0.3428851392133854,0.3427242899360318,8.704126126658229e-06,7.380801608704558e-06,2.6738044628873467
172,188,0.34200231381735713,0.3418374852967932,8.122779669247874e-06,8.360072387150224e-06,2.697444128803909
173,189,0.3392483207343469,0.3390826222152431,7.5110372491166005e-06,9.058814661266994e-06,2.715941922739148
174,190,0.3362498697051538,0.33610140349862055,7.0973294975666044e-06,7.74929115575549e-06,2.7333746468648314
175,191,0.33608126776043273,0.33595401776093947,5.925521993769846e-06,6.7994779555536365e-06,2.7509636413306
176,192,0.3369612117212477,0.33683312201019194,5.1513272703211154e-06,7.657643835259293e-06,2.7687573842704296
177,193,0.33839722863201543,0.33828441697090755,5.062890630874077e-06,6.2182754799117335e-06,2.786741327494383
178,194,0.33773460952131973,0.3376187250763939,4.9762456511562e-06,6.612198841425171e-06,2.8054494950920343
179,195,0.33744754096360824,0.33733571649728866,4.52707317680204e-06,6.655373455153097e-06,2.8230530694127083
180,196,0.33797515132158196,0.33787195536633025,4.520374247115461e-06,5.7992212780596385e-06,2.8405452128499746
181,197,0.3389490631755775,0.33885102592531663,4.879737256648253e-06,4.923987769442079e-06,2.858115387149155
182,198,0.339056660095722,0.3389574933660379,4.9675906164697e-06,4.949082351940666e-06,2.875669952481985
183,199,0.33902792697361817,0.3389265958701547,5.229755217122372e-06,4.903355129222041e-06,2.893223499879241
184,200,0.3387787468097273,0.33866599430137906,6.1317376787025365e-06,5.143513156118766e-06,2.9107672134414315
185,201,0.33894830753271765,0.3388309374676511,6.328866543983257e-06,5.4081399626740585e-06,2.9282812578603625
186,202,0.33972762077663665,0.3396092537188292,6.114521843569713e-06,5.7221839371712765e-06,2.945900038816035
187,203,0.34024422348944877,0.3401294385031339,5.68744465097565e-06,5.791053980515194e-06,2.963558979332447
188,204,0.34059450394746915,0.34048419983096373,5.3035375562410465e-06,5.7268740943053634e-06,2.9811363834887743
189,205,0.3405548790447726,0.34044634485306857,5.208561836339701e-06,5.6448573340648806e-06,2.9987808503210545
190,206,0.34051300382101857,0.34040733588176364,5.048476483862587e-06,5.518317441634562e-06,3.0163731621578336
191,207,0.34020926971309684,0.3401032469678551,5.151298825736752e-06,5.450975698441593e-06,3.0340591687709093
192,208,0.3399823242327436,0.3398746676839859,5.301061601201997e-06,5.464593274566921e-06,3.0516839073970914
193,209,0.3396246731100478,0.3395159035139747,5.404554374861018e-06,5.472405232445642e-06,3.0694374898448586
194,210,0.33947377048804617,0.3393653188314845,5.358024331370797e-06,5.487141324792734e-06,3.087721207179129
195,211,0.3392976637557194,0.3391910394316057,5.142227728908292e-06,5.520204682457027e-06,3.1052281111478806
196,212,0.33932007974914913,0.33921459855937425,5.006749473567267e-06,5.541369503922386e-06,3.1227264096960425
197,213,0.339400816110449,0.33929720860861723,4.776232582099585e-06,5.584517601077488e-06,3.1402377001941204
198,214,0.3395613854829634,0.339458801595254,4.6109043177018825e-06,5.647484453233618e-06,3.157789481803775
199,215,0.33979857422451565,0.33969583529399927,4.513376146549428e-06,5.760516905088112e-06,3.175489181652665
200,216,0.3402863295160818,0.34018185448434585,4.612791336250379e-06,5.834711837341503e-06,3.1930258395150304
201,218,0.3402429275179977,0.34013456098815364,4.796865503189964e-06,6.039787481211107e-06,3.2167147304862738
202,219,0.3409651965880151,0.3408439265767021,6.113199630457334e-06,6.013801500843781e-06,3.2342345537617803
203,220,0.3406306343663521,0.3405138837227694,5.743195378253474e-06,5.9318689800151505e-06,3.2518919724971056
204,221,0.3407422698708585,0.340629615206762,5.466694728022551e-06,5.798771681626742e-06,3.269600729458034
205,222,0.3409788706709454,0.34086828031798555,5.337023360972278e-06,5.7220119350105636e-06,3.2871598722413182
206,223,0.34145455751502884,0.3413446435219781,5.32493822030994e-06,5.666461084770323e-06,3.304672010242939
207,224,0.3420771344806853,0.34196527875367094,5.0271671574440055e-06,6.158405543986262e-06,3.3222082797437906
208,226,0.341969671218499,0.3418584640771531,5.305464302960555e-06,5.815249831632626e-06,3.3459447408095
209,227,0.3424100114426362,0.3423011197614783,5.336543786798529e-06,5.552624328992514e-06,3.363551737740636
210,228,0.342434283387977,0.34232951792645594,5.115725504592472e-06,5.360820647517806e-06,3.3811186645179987
211,229,0.34194104591725794,0.3418426883682121,4.564870168761991e-06,5.270884735824643e-06,3.3986912481486797
212,230,0.3416734460776366,0.34157979237451574,4.31136566363958e-06,5.0540046484479095e-06,3.4166576582938433
213,231,0.3392199155468674,0.33912413817029585,4.953141446321933e-06,4.624596210835281e-06,3.434227637015283
214,232,0.340065150724076,0.33996881525638195,5.46607050706951e-06,4.167476262334625e-06,3.4518885370343924
215,233,0.33993192455505666,0.3398358498903193,5.481789189012106e-06,4.125677284727534e-06,3.469635018147528
216,235,0.33946657368755123,0.3393702169957191,5.534670353131131e-06,4.100998830079835e-06,3.493976768106222
217,236,0.34030668789354207,0.34020871448997647,5.620601641514108e-06,4.17673871504482e-06,3.511473004706204
218,237,0.34049582607893986,0.3403991965845963,5.463421055194863e-06,4.199528379161951e-06,3.529026468284428
219,238,0.3406071380203582,0.34051088424686093,5.2679721192454545e-06,4.357405230479059e-06,3.546527369879186
220,239,0.3407285634360055,0.3406344499671363,5.010830494807136e-06,4.400516392112005e-06,3.5641645565629005
221,240,0.3405373660801137,0.3404437554473625,4.9351901937929085e-06,4.425873081325994e-06,3.5817201836034656
222,241,0.3406584272316038,0.34056607031339825,4.8469091665043324e-06,4.388782654047799e-06,3.5992707069963217
223,242,0.34041397299533,0.34032113356005034,4.923005551349718e-06,4.360937976615979e-06,3.616864375770092
224,243,0.34023415053401435,0.3401403324081523,5.098113753126743e-06,4.283698833081851e-06,3.634374164044857
225,244,0.3401751778514696,0.3400811565068464,5.1552674865521e-06,4.246866975772279e-06,3.65196440462023
226,245,0.34020399062148976,0.34010990641570027,5.191760250507358e-06,4.216660328440898e-06,3.669733309186995
227,246,0.34025647629984646,0.34016284567767174,5.146742726807987e-06,4.216319490665408e-06,3.6882437895983458
228,247,0.34039183226411945,0.3402990918758097,5.059177986734807e-06,4.214860844243569e-06,3.706542896106839
229,248,0.3405219286847598,0.340430529490769,4.962780952723197e-06,4.177138446355338e-06,3.724241217598319
230,249,0.3405925354782976,0.34050285272438946,4.908096516771398e-06,4.06017887404076e-06,3.7418024204671383
231,250,0.34058842324964805,0.3405007558972686,4.906299193268167e-06,3.860436044676542e-06,3.759320938028395
232,251,0.341037295908841,0.34094898046560457,4.9398959341070774e-06,3.891648389537706e-06,3.7768976353108883
233,252,0.3413673356797266,0.3412823204053026,4.942262341266558e-06,3.5592651011337155e-06,3.7945223497226834
234,253,0.340127743432819,0.3400439805562217,4.966496893905243e-06,3.409790765821382e-06,3.8121193712577224
235,254,0.34104180286774777,0.3409615504068978,4.785685227285174e-06,3.2395608577088794e-06,3.829766795039177
236,255,0.34085721992317125,0.3407761321874806,4.825801319785557e-06,3.282972249278575e-06,3.8474486265331507
237,257,0.3390514236626629,0.33896846554451404,5.219407175099708e-06,3.0764046397870913e-06,3.871319480240345
238,258,0.338192430040275,0.338114688359117,4.604186977717775e-06,3.169981138079124e-06,3.8888409761711955
239,259,0.33807681229091857,0.338008640167067,4.111285759612237e-06,2.7059266255464e-06,3.9068251652643085
240,261,0.339295782376442,0.33923060679121736,3.6955585907042356e-06,2.821999931755339e-06,3.930971309542656
241,262,0.3379889275310475,0.3379258613083177,3.5329706820661063e-06,2.7736515909109528e-06,3.9486497566103935
242,263,0.3384590095569629,0.33839512773019736,3.2576571254783855e-06,3.1305255510744906e-06,3.9663663916289806
243,264,0.3397561649531663,0.339694748024678,3.085316230485238e-06,3.0563766183485013e-06,3.9839366180822253
244,265,0.3388483898608635,0.3387903410761107,3.0006349154302583e-06,2.8042435598511177e-06,4.001599275507033
245,266,0.338637324782873,0.33857922476992386,3.0360967929665186e-06,2.7739045019453023e-06,4.019226014614105
246,267,0.33819872032636045,0.33814177260917994,2.9039707293821356e-06,2.790800988666588e-06,4.036840030923486
247,268,0.3387303568462885,0.33867524150124084,2.802454240179162e-06,2.709080264584064e-06,4.054410833865404
248,269,0.33854318834803215,0.3384881810947235,2.7375211284072065e-06,2.7632042024541196e-06,4.072065159678459
249,270,0.3381364929219586,0.3380815863270856,2.6308766849099614e-06,2.859782802384622e-06,4.089609073475003
250,271,0.3373198493206924,0.33726518947357825,2.6189564261508815e-06,2.847028285261234e-06,4.107175183482468
251,272,0.3369540957571086,0.3369004054567727,2.4727876750459762e-06,2.8962423585453503e-06,4.124756752513349
252,273,0.33687418754399795,0.33682325268776536,2.3550000639052663e-06,2.7384855593579463e-06,4.14225450437516
253,274,0.3380369635687798,0.3379891867980304,2.052383086116633e-06,2.725293988824817e-06,4.159801726229489
254,275,0.33767956513600234,0.33763236409477865,2.0452630026514797e-06,2.6748411197151507e-06,4.177451164461672
255,276,0.33784527005026704,0.337798384366817,2.0070292912067388e-06,2.681539053802306e-06,4.195006997324526
256,277,0.3378980057450436,0.3378511215769242,1.9678542272374055e-06,2.7205625847018414e-06,4.213584554381669
257,278,0.3379098122779771,0.33786330796982417,1.9172124132711324e-06,2.7332184020255812e-06,4.231570512056351
258,279,0.3378868943951115,0.3378405986449379,1.8864480123860619e-06,2.743127004980509e-06,4.249712129123509
259,280,0.33785825780176365,0.33781215162695044,1.8675936173690757e-06,2.7430238639502775e-06,4.267249580472708
260,281,0.3377837567048425,0.3377375934128805,1.8600773547147302e-06,2.7562518414831907e-06,4.284843207336962
261,282,0.3377459254408676,0.33769986927581147,1.8752775057813442e-06,2.7303389998329307e-06,4.302455587312579
262,283,0.33762307423767407,0.337575969615232,1.980369367303435e-06,2.730092876900204e-06,4.320138908922672
263,284,0.337475043264684,0.3374260295348536,2.1399075076013013e-06,2.7614654754397045e-06,4.337695710361004
264,286,0.3375599921587948,0.3375081172598107,2.29080489207983e-06,2.89668500632859e-06,4.361883693374693
265,287,0.3369065234870983,0.3368544793293649,2.2815612249707923e-06,2.9228545483732026e-06,4.379598778672516
266,288,0.33694396193526643,0.3368930943683972,2.13359629212335e-06,2.953160394795367e-06,4.397208021022379
267,289,0.33640377814742706,0.33635515933776977,1.8241394813216404e-06,3.0377414844094264e-06,4.414804361760616
268,290,0.3363292045427448,0.33628157527438424,1.6877003235272532e-06,3.075226512529339e-06,4.432346787303686
269,291,0.3352042647399974,0.3351544988226306,1.6358811452852273e-06,3.340710591400935e-06,4.449884596280754
270,292,0.3355620392968818,0.33551399094128226,1.8448622817076897e-06,2.9599732782443583e-06,4.467594049870968
271,293,0.335555341960718,0.3355066151510707,1.9210666582465057e-06,2.9516143064851426e-06,4.4851148733869195
272,294,0.3354385812313891,0.3353879857846102,2.1120829221140133e-06,2.9474617557771184e-06,4.502653103321791
273,295,0.3354254926914448,0.3353756705207145,2.0578470506755653e-06,2.924370022357263e-06,4.52031225617975
274,296,0.3354860410833468,0.3354366637333781,2.0635712689836695e-06,2.8741637278837245e-06,4.537904995493591
275,297,0.33548254511520104,0.3354331383910496,2.1685934779972172e-06,2.7720789371467004e-06,4.555475419387221
276,298,0.3357565845559703,0.33570618066344793,2.3554881937800004e-06,2.6849010584569736e-06,4.573101535439491
277,299,0.3357303267192305,0.33567902587336546,2.5016893091467436e-06,2.628395277353253e-06,4.590622347779572
278,300,0.33517656725894723,0.3351228896805928,2.5809221605312735e-06,2.786835674911152e-06,4.608194736763835
279,301,0.33653526010876716,0.33648492874220165,2.3448505375597094e-06,2.688286118992393e-06,4.625830560922623
280,302,0.33594778758130783,0.33589774621463014,2.3218574203913126e-06,2.6822792473767174e-06,4.643375567160547
281,303,0.33584287577603433,0.3357917960484807,2.425118990588215e-06,2.6828537647766125e-06,4.6609120620414615
282,304,0.33595208346989897,0.3359009980167302,2.398233269524468e-06,2.710312047356052e-06,4.6789583675563335
283,305,0.33581254733013427,0.3357607108700501,2.462488652350684e-06,2.721157356067444e-06,4.6964876698330045
284,306,0.33587929778913567,0.33582813651692783,2.396094485365812e-06,2.720032735417533e-06,4.714068808592856
285,307,0.3359765971781999,0.33592659216653603,2.2696610597591566e-06,2.730840106625991e-06,4.7315865103155375
286,308,0.3359488625803601,0.33589973698288705,2.1630464912154636e-06,2.7495132560918356e-06,4.749826651066542
287,309,0.33565400692477226,0.3356039459273448,2.2248165596286402e-06,2.781283183115706e-06,4.76748413592577
288,311,0.3358196414695625,0.33577205118300635,1.9306986408716805e-06,2.828330014740287e-06,4.791149030439556
289,312,0.33503865180125103,0.3349905957638513,2.1777274840678995e-06,2.627876255902445e-06,4.808987918309867
290,313,0.33378623497497245,0.33374182994111384,2.3432643104736752e-06,2.0972390753889054e-06,4.826537646353245
291,315,0.3346538009977986,0.3346090025319985,2.484840576733523e-06,1.995006003281009e-06,4.850198335014284
292,317,0.33405074028227627,0.3340081711641848,2.200463798997517e-06,2.0564480101532725e-06,4.874049316160381
293,318,0.3339519857059219,0.3339096101591616,2.36575823955207e-06,1.8717964364751484e-06,4.891567869111896
294,320,0.33479027426973906,0.33475059045148486,2.0297253073104946e-06,1.938656518108934e-06,4.915237511508167
295,322,0.3356059657476792,0.3355704467216387,1.8614203218047954e-06,1.6904822822456189e-06,4.93940902967006
296,323,0.3355540688556281,0.33552064878095844,1.7674514471824725e-06,1.5745560197851891e-06,4.95716037042439
297,324,0.3351618100941292,0.3351287998840297,1.6072454373099565e-06,1.6937755726417123e-06,4.974808291532099
298,325,0.33500714481472826,0.3349728266980314,1.6392218594275726e-06,1.7925898102557164e-06,4.992348062805831
299,327,0.3348261107106172,0.33479286219081233,1.542892228627704e-06,1.7819597518540797e-06,5.016145600005984
300,329,0.3348784803356794,0.3348461792913457,1.526237365044353e-06,1.7038670683262467e-06,5.039765426889062
301,330,0.33499964432125234,0.33496746699556185,1.4937832190438242e-06,1.723949350008817e-06,5.057365155778825
302,331,0.3349495619544956,0.3349169792514778,1.4973348280514547e-06,1.7609354737333757e-06,5.075047050602734
303,332,0.33481445315080144,0.33478157375043444,1.4603267146462677e-06,1.8276133220536847e-06,5.09259188733995
304,333,0.3344269568923135,0.3343933821705383,1.5396003655758841e-06,1.817871811943423e-06,5.1101547582075
305,334,0.3343696455916889,0.3343353998702328,1.599503938424447e-06,1.8250682071834107e-06,5.1277663027867675
306,335,0.33431695778247983,0.3342826198719445,1.6457425154565316e-06,1.7880485380761425e-06,5.145345870405436
307,336,0.33447677567608064,0.33444257793501925,1.6590285032781392e-06,1.7607456028641443e-06,5.1628867238759995
308,337,0.33442336619639607,0.33439005282660733,1.6039680024628633e-06,1.7273689764106755e-06,5.180480125360191
309,338,0.3346086542077983,0.33457654742093035,1.5788865576794054e-06,1.6317921291154422e-06,5.1980304075405
310,339,0.3347079797483907,0.3346782668888758,1.3674812976713575e-06,1.6038046538218348e-06,5.2155996058136225
311,340,0.33502155491434327,0.3349947131925623,1.202121018355972e-06,1.4820511597399876e-06,5.2331345193088055
312,341,0.33460547073344005,0.3345779195036422,1.1457672277928192e-06,1.6093557519905854e-06,5.2507771560922265
313,342,0.3359220791567822,0.335891370992678,1.908745315626446e-06,1.1620710947887937e-06,5.2684093890711665
314,343,0.3356377818338704,0.33561272374004103,1.2499159333752616e-06,1.2558934495579473e-06,5.2859611520543694
315,344,0.33393766898541666,0.33391033825245975,1.049561607424335e-06,1.683511688267269e-06,5.303493161685765
316,345,0.33472244369290816,0.3346985055035595,1.3708834677586236e-06,1.0229354671031201e-06,5.3211138704791665
317,346,0.33528851395371867,0.3352614057503574,1.6139746494078525e-06,1.0968456867185043e-06,5.338702051900327
318,347,0.3351248776513344,0.3351029407959149,1.1281854645586693e-06,1.0655000773931416e-06,5.357030396349728
319,348,0.3344686510199867,0.334446829072616,9.938264776621584e-07,1.188368259401772e-06,5.374668268486857
320,349,0.33484929803990116,0.33482782360652424,1.2104924929076225e-06,9.369508447823782e-07,5.39220764208585
321,351,0.33454673631049053,0.3345265483055054,9.932421058894759e-07,1.0255583926249253e-06,5.415910634212196
322,352,0.3348233126383475,0.33480454691058287,1.0846904810685225e-06,7.918822953971628e-07,5.433412191458046
323,353,0.33552517368481144,0.33550658123382093,1.023663261866847e-06,8.355818371853013e-07,5.45098124910146
324,355,0.33574290459163736,0.33572511086945966,8.582431420392763e-07,9.211290757291843e-07,5.474830919876695
325,356,0.3354020435705177,0.3353826476833566,1.274992962570643e-06,6.645957535428901e-07,5.492388530634344
326,357,0.3339821615927216,0.3339671291029451,6.002891554185549e-07,9.029598222302099e-07,5.509996849112213
327,359,0.33445719652528727,0.33444290574003066,5.461578406917263e-07,8.829206849671905e-07,5.533614932559431
328,360,0.33521754829183453,0.33520064370196123,9.463527256384872e-07,7.441062616899341e-07,5.551165773533285
329,361,0.33504611474285506,0.3350308769083882,7.200232634055516e-07,8.037601832800662e-07,5.568871255032718
330,362,0.3345327530175916,0.33451798482418665,5.80648558337108e-07,8.961707821616798e-07,5.586415243335068
331,363,0.33408740955566724,0.3340714831997157,6.838643326384977e-07,9.087712625147588e-07,5.604062025435269
332,364,0.3342280672701924,0.33421209702383414,6.550046313577718e-07,9.420200044704253e-07,5.621672362089157
333,365,0.33421185160566447,0.3341965095617083,6.423721020521668e-07,8.918322935673786e-07,5.639232525601983
334,366,0.3340925680384533,0.33407732350503805,6.672208638848431e-07,8.572324776348245e-07,5.656818462535739
335,367,0.3338122929085723,0.33379664162694056,7.678660587287035e-07,7.972621044453556e-07,5.674495305866003
336,368,0.3335858551760989,0.33356946745065275,8.384803203508883e-07,8.002922242633351e-07,5.692058821208775
337,369,0.3332531772533687,0.3332348818766368,9.817505484719884e-07,8.477871247193241e-07,5.709617642685771
338,370,0.33325663000608907,0.33323705621365196,1.0677201377417299e-06,8.896591059705684e-07,5.72717063780874
339,371,0.3334137222967573,0.33339421878836295,1.062615107716475e-06,8.877357317220422e-07,5.744714812375605
340,372,0.3334939498799815,0.33347479611182174,1.0514161405450254e-06,8.639606754262888e-07,5.7622949024662375
341,373,0.33358512055275796,0.33356647827298747,1.0121416988438577e-06,8.52086278208493e-07,5.779889085330069
342,374,0.3336067490325927,0.3335880187776315,1.0068968885067163e-06,8.661286076128988e-07,5.79742575623095
343,375,0.33362845299026245,0.33360940563226327,1.0117288326016608e-06,8.930069673174434e-07,5.815394859761
344,376,0.33367529154354775,0.33365596348712995,1.0126487669768589e-06,9.201568748005143e-07,5.833017232827842
345,377,0.33369629661808586,0.3336760374319042,1.0439194932588507e-06,9.819991249058394e-07,5.8505300134420395
346,378,0.3338890005734029,0.3338680468758825,1.0212705376478405e-06,1.0740992143935496e-06,5.8681855304166675
347,379,0.3339255665814958,0.3339041640104101,1.0000174741887238e-06,1.1402396343795645e-06,5.885789645835757
348,380,0.33405065918367005,0.3340298636816335,9.580239083984167e-07,1.1215262952538676e-06,5.903346097096801
349,381,0.3339861309758518,0.33396592268795844,9.268078971328307e-07,1.0940208921997823e-06,5.921018714085221
350,382,0.3338575362238766,0.3338380281023811,8.849075043346611e-07,1.0659046452122926e-06,5.938568218611181
351,383,0.3337666696346224,0.3337471655287055,8.747011920279443e-07,1.0757093996681083e-06,5.95618702750653
352,384,0.3337530841902285,0.33373372522745004,8.310924114802012e-07,1.1048038663632738e-06,5.974485511891544
353,385,0.3337152605613643,0.3336958522800988,8.316972502804928e-07,1.109130876271033e-06,5.991891861893237
354,386,0.3336462871850704,0.3336265045098006,8.370740889213871e-07,1.1411934380578681e-06,6.0100319273769855
355,387,0.3337884949604098,0.3337687093488367,8.334758474808004e-07,1.1450853098338366e-06,6.027422924526036
356,388,0.3339453102396602,0.3339255871438184,8.309487705567193e-07,1.1413608136153851e-06,6.044964591041207
357,389,0.3340833873104304,0.334063812492818,8.287798127204314e-07,1.128701948517178e-06,6.062486085109413
358,390,0.33405427533472576,0.3340348636381312,8.34724669894963e-07,1.1064449895636773e-06,6.080035702325404
359,391,0.3339039225642206,0.33388463913466837,8.527041045039404e-07,1.0756388507182285e-06,6.097620961256325
360,392,0.3335697631969237,0.3335504685070132,9.142328038981099e-07,1.0152361871531585e-06,6.115191260352731
361,393,0.33352354181283667,0.33350418342891636,9.429205038360075e-07,9.929178881926934e-07,6.132713008671999
362,394,0.3334830101633398,0.33346353179299465,9.596520529033842e-07,9.88184981614195e-07,6.150335853919387
363,395,0.3335559964870701,0.33353623023999,1.0038740328730827e-06,9.727506751396822e-07,6.1679244404658675
364,396,0.333608019876835,0.33358816858968104,9.992961820124686e-07,9.858325333847473e-07,6.185466826893389
365,397,0.3337867204211171,0.33376695893908115,9.82631231356946e-07,9.935169722446164e-07,6.202973001636565
366,398,0.333872344436401,0.33385303915955206,9.085522558668063e-07,1.0219754290253272e-06,6.2206263318657875
367,400,0.33391215969532506,0.3338936560785804,8.691298994730748e-07,9.812317749929129e-07,6.245125128887594
368,401,0.33367944920105513,0.33366209933840685,7.895942329840236e-07,9.453920318440112e-07,6.262718040496111
369,402,0.33336073329386556,0.3333435376841615,8.044672580389954e-07,9.150937123740961e-07,6.280246103182435
370,404,0.3332020235525111,0.3331852420020865,7.851833730343382e-07,8.92971669423871e-07,6.30389663670212
371,405,0.333381253140476,0.3333646850422858,7.871822010849817e-07,8.696276179362829e-07,6.322376514784992
372,406,0.33372625709866466,0.33370970011408213,8.648713109944317e-07,7.908271472544459e-07,6.339764530770481
373,407,0.33421023690369717,0.3341917262912614,1.1511151272464466e-06,6.999461163296134e-07,6.357344066724181
374,409,0.3340168754432817,0.3339972951967385,1.0129278438880825e-06,9.450968104304623e-07,6.382583762519062
375,411,0.33394963379543424,0.33393057459499237,1.010227192882971e-06,8.95692851305646e-07,6.406229551881552
376,412,0.3333648473547405,0.3333437150020288,1.005018185033582e-06,1.1082170861331976e-06,6.423879953101277
377,414,0.33400998981404406,0.3339912184719113,1.0634644103916188e-06,8.136698028852888e-07,6.447570402175188
378,416,0.3338531483572198,0.3338334577070559,1.0072315581382843e-06,9.618334582490407e-07,6.471431370824575
379,417,0.3339644079716332,0.3339461857362231,8.983610478507901e-07,9.238624931562873e-07,6.489050538279116
380,418,0.3334025090656885,0.3333838305977097,9.813337328192316e-07,8.865130650626634e-07,6.506558623164892
381,419,0.33383967920564156,0.33381911839086614,1.080370292151259e-06,9.757111853914165e-07,6.5242368234321475
382,420,0.3335703238018154,0.33355082030998756,9.260121021436843e-07,1.0243370806422542e-06,6.5417842557653785
383,421,0.3336216358803232,0.33360145779002226,9.305305113236681e-07,1.0872785187681189e-06,6.559387421235442
384,423,0.3342304668596337,0.334212145577423,8.411216339706314e-07,9.910065870978018e-07,6.58407383505255
385,424,0.33448711694993877,0.3344683936809913,8.709111262310973e-07,1.0014157685130905e-06,6.601645753718913
386,425,0.33470352847262336,0.33468424869029884,9.345623238313862e-07,9.934159086218882e-07,6.619203053414822
387,426,0.33470332304364125,0.33468334150473306,9.304561511974603e-07,1.0676977396203567e-06,6.636780224740505
388,427,0.33536235904229206,0.33534339921906414,9.358371248536189e-07,9.601451979354946e-07,6.654289094731212
389,428,0.3354254396383228,0.3354067917374593,9.123319099097491e-07,9.524581764398276e-07,6.673017859458923
390,430,0.335359842903674,0.33534080602320004,9.353061874217949e-07,9.683818599725574e-07,6.696775276213884
391,432,0.3352890237478587,0.33527037105860746,9.181160768244638e-07,9.471528482959829e-07,6.721358325332403
392,433,0.33548479844578694,0.335466501609335,9.020264328646986e-07,9.276572123299221e-07,6.738961825147271
393,434,0.33544311948498395,0.33542495908979425,9.155612363474671e-07,9.004782826241203e-07,6.757456307299435
394,435,0.33536578658999644,0.3353480345572619,9.301544056514294e-07,8.450488677962515e-07,6.775631151162088
395,436,0.3354368357266758,0.33541994468142367,9.447391294094173e-07,7.443653958063491e-07,6.7930703312158585
396,438,0.33531541522972796,0.3352994186124184,9.646174049295823e-07,6.350443260250691e-07,6.816748061217368
397,439,0.335745770601021,0.33573118432502286,9.92529709611941e-07,4.660978902059321e-07,6.834704212844372
398,440,0.3354179984917703,0.3354048691779968,8.289199296383079e-07,4.840114477125547e-07,6.852205284871161
399,441,0.3352577467391229,0.3352454646121062,8.158345078322596e-07,4.1237819383626605e-07,6.869787712581456
400,442,0.3350964983390088,0.3350838287748328,6.937234342785237e-07,5.732329833207538e-07,6.887843832373619
401,444,0.33502737084755757,0.33501474224930927,7.095295109481311e-07,5.533303138800598e-07,6.911938073113561
402,446,0.33502778700628305,0.33501579245645774,6.288164580609066e-07,5.706385244693067e-07,6.935749599710107
403,447,0.3356861383662066,0.3356746992351713,5.829571826712505e-07,5.60955920856831e-07,6.953458017669618
404,448,0.3352339141774397,0.33522226472815414,5.757819256856269e-07,5.891630028650095e-07,6.971176598221064
405,449,0.33505621813917363,0.33504423021523644,5.625767475943297e-07,6.362156461290979e-07,6.98872200679034
406,450,0.33494710246069614,0.3349349982187685,5.560585173729439e-07,6.543656753945608e-07,7.006319711916149
407,451,0.33500751397910855,0.334995621942468,5.527239799601654e-07,6.3647968409752e-07,7.023923559114337
408,452,0.33517116989287593,0.3351590069793154,5.39109343767214e-07,6.77182012285996e-07,7.041458301246166
409,453,0.3351934466706196,0.335181097865548,5.480483667523992e-07,6.868321404143029e-07,7.0593866016715765
410,454,0.335315625548697,0.335302856253275,5.359191384376194e-07,7.41010403761491e-07,7.077045248821378
411,455,0.33545640501204443,0.3354421346082287,5.413396756762515e-07,8.857007059007724e-07,7.094543720595539
412,457,0.3356157422245622,0.33560142218195554,5.407084210758119e-07,8.912958395877043e-07,7.118251076899469
413,458,0.33618611240540974,0.336172700577478,4.874532526979437e-07,8.537295404798225e-07,7.135801130905747
414,459,0.33615873688148173,0.3361454747677977,5.187049155789749e-07,8.075064528193521e-07,7.153358333744109
415,460,0.33614710021150274,0.33613391935325354,5.414695641348889e-07,7.766162607853276e-07,7.170943801291287
416,461,0.3362093359655874,0.33619666051453106,5.141314291927363e-07,7.534136764396906e-07,7.188535005785525
417,463,0.33624598636642167,0.3362336436987925,4.887960444260732e-07,7.454707184963737e-07,7.212285812012851
418,464,0.3363778235592423,0.3363660235342789,4.3516745534912975e-07,7.448350409879908e-07,7.229827321134508
419,465,0.3363654164900934,0.3363532085615646,3.9752122092626563e-07,8.232716319537841e-07,7.247335486114025
420,466,0.33641618792055933,0.33640391008036136,3.9260838222281003e-07,8.351756375759422e-07,7.264924321323633
421,467,0.33638515399009367,0.3363729425415563,4.1236655034960116e-07,8.087783033876946e-07,7.282502135261893
422,468,0.33640132210824725,0.3363890570623014,3.960339353503408e-07,8.304706592363579e-07,7.301104702055454
423,469,0.3363395605349415,0.3363268468878952,3.7598196869748314e-07,8.953827359335465e-07,7.318595631048083
424,470,0.3363352997420555,0.3363223601452129,3.780743514955416e-07,9.158853327616291e-07,7.3361384412273765
425,471,0.3362700461324595,0.3362569193120999,3.880043204195548e-07,9.246777155396467e-07,7.353706754744053
426,472,0.3362687711034915,0.3362555852715884,4.022694703819101e-07,9.163137199283915e-07,7.371256899088621
427,473,0.3364264853011411,0.33641335728443195,4.0783538923172405e-07,9.049662816845414e-07,7.388843932189047
428,474,0.33649895003746866,0.3364857585843521,4.256492156863662e-07,8.934960959702719e-07,7.406397398561239
429,475,0.3366028412680124,0.33658983840696827,4.414052477637376e-07,8.588808566481604e-07,7.4240109752863646
430,476,0.33639080786461617,0.33637749368935127,4.7231754748135573e-07,8.590999790041694e-07,7.441542134620249
431,477,0.3363681786438157,0.33635542669068175,4.5144396547448065e-07,8.237513479174908e-07,7.459140798076987
432,478,0.335930807752475,0.3359178823150351,4.1614483772833996e-07,8.763989062659175e-07,7.4768067775294185
433,479,0.3359685130887559,0.3359557837490692,3.626858822975067e-07,9.102480863733161e-07,7.49434063769877
434,480,0.3359709007933955,0.33595789498036255,3.5025467346762377e-07,9.503266298206176e-07,7.512221750803292
435,481,0.33607182598595686,0.3360587470182002,3.328061909735931e-07,9.750905846925523e-07,7.529792904853821
436,482,0.3359252623605569,0.33591210128540094,3.3100127113610903e-07,9.851062444630093e-07,7.547341511584818
437,483,0.33578825587777267,0.33577507284803826,3.223412168678941e-07,9.959617565729126e-07,7.564889010041952
438,484,0.335684194603877,0.33567105331301617,3.0810246028529906e-07,1.0060266258020175e-06,7.582455444149673
439,485,0.3357361111564021,0.335723129936043,2.8569912136654436e-07,1.012422914545635e-06,7.599992952309549
440,486,0.3357654421773692,0.335752303412436,2.661409865617715e-07,1.0477355067583518e-06,7.617535374127328
441,487,0.3359726007348163,0.33595940275223013,2.5546741363379355e-07,1.0643308449810308e-06,7.635072889737785
442,488,0.33604664698956727,0.3360330734984631,2.488759515719072e-07,1.1084731588435763e-06,7.65255955979228
443,489,0.3361992809867278,0.3361852959405541,2.5901849854480937e-07,1.1394861188308094e-06,7.670160600915551
444,490,0.3362135083237581,0.33619947110822973,2.568666794833367e-07,1.1468548733597788e-06,7.687670594081283
445,491,0.33626109302243556,0.33624700913318584,2.617118040162932e-07,1.146677120955574e-06,7.705173724330962
446,492,0.33632741210881006,0.33631332564085786,2.6155297221819075e-07,1.1470938229984352e-06,7.722734895534813
447,494,0.3361966608549408,0.33618229453578863,2.4937259230049155e-07,1.1872593229226938e-06,7.746340470388532
448,495,0.336182014768986,0.33616736076327597,2.39745695448423e-07,1.2256548755607975e-06,7.763930122368038
449,496,0.33619830312598914,0.3361835893392135,2.246715623028873e-07,1.2467071152587609e-06,7.7818783512339
450,497,0.33618226558667824,0.3361671225052859,2.0741259670249127e-07,1.3068955425293857e-06,7.799224715679884
451,498,0.336161850151731,0.3361462805061117,1.9505116269919682e-07,1.3619133992259598e-06,7.817036870867014
452,499,0.3362838976215387,0.3362677427410935,2.0070781772056447e-07,1.4147802267973414e-06,7.8345665177330375
453,500,0.3361713970960799,0.3361545432952901,2.1471689404769496e-07,1.4706631849352055e-06,7.852071241475642
454,501,0.3363632417504399,0.3363471294526855,2.0644646115015718e-07,1.404783314291396e-06,7.86960868909955
455,502,0.3363627318100998,0.33634636661806167,2.163458324864738e-07,1.420173371325198e-06,7.887196138501167
456,503,0.3363312788227968,0.33631439243892475,2.3648587910231907e-07,1.4521525081019209e-06,7.904670811258256
457,504,0.3362281661519265,0.3362105323217848,2.7876548848748074e-07,1.4846175256812742e-06,7.922191264107823
458,505,0.3361718324848753,0.33615412627174684,2.8201032997728115e-07,1.4886109828705322e-06,7.939778711646795
459,506,0.3361554254712154,0.33613764038779725,2.7560061176206427e-07,1.5029077300556258e-06,7.95728780888021
460,507,0.3361369016948334,0.3361188570109108,2.5973181785150685e-07,1.5447365744061554e-06,7.975478450767696
461,508,0.3362046551484407,0.3361863264459166,2.6979595080253526e-07,1.5630743016089595e-06,7.992845111526549
462,510,0.33622327595238927,0.33620426261800973,2.9823997247570456e-07,1.6030934654803766e-06,8.016447078436613
463,511,0.33659463113409793,0.3365755187165409,3.4324578509743983e-07,1.5679959706105884e-06,8.033929362893105
464,512,0.33651500911547233,0.3364958338362357,4.0007072396774307e-07,1.5174571996947412e-06,8.051454954780638
465,513,0.33657735727852517,0.3365579769689057,4.894562640776269e-07,1.448574697864654e-06,8.068966173566878
466,514,0.33654387548063747,0.3365251824037627,4.387352029471176e-07,1.430572484531119e-06,8.086503525264561
467,516,0.3362711468140986,0.33625330893946914,4.6070066928034306e-07,1.3230867936663256e-06,8.110050729475915
468,517,0.33619020153679946,0.3361728251662216,4.542172953730057e-07,1.283419762415889e-06,8.128512978553772
469,518,0.3357628423541688,0.33574524161208386,4.7261413753122743e-07,1.2874600709625847e-06,8.146016864106059
470,519,0.33580871297502796,0.3357914289026696,4.522450087273376e-07,1.2761622271117635e-06,8.163556774146855
471,520,0.3357430590933053,0.3357258360428472,4.831968858129203e-07,1.2391081599955237e-06,8.181112628430128
472,521,0.335556275445114,0.3355386219822292,4.896086790700625e-07,1.2757376094093385e-06,8.19858633633703
473,522,0.3355482247700674,0.33553029985789534,5.016614492567684e-07,1.2908297679442989e-06,8.216083067469299
474,523,0.3355085776864905,0.335491192675096,4.664025273011999e-07,1.2720986121519572e-06,8.234089592471719
475,524,0.33542020174028303,0.33540315738351356,4.2917709347012523e-07,1.2752585834793507e-06,8.251457626000047
476,525,0.3356237651814937,0.33560773924571324,3.690655155107733e-07,1.233528062541018e-06,8.268965064547956
477,526,0.33531286389529547,0.3352968657124049,3.8199815714715317e-07,1.217820131908768e-06,8.28655805438757
478,527,0.33498105114318777,0.3349636037148006,4.246179794388416e-07,1.3201248592784675e-06,8.304156040772796
479,529,0.3346936158295789,0.33467649220829465,5.140485692498618e-07,1.1983135591778547e-06,8.327991102822125
480,530,0.3350500057329995,0.335032421814744,5.073663919507236e-07,1.2510254335980281e-06,8.345546040683985
481,532,0.3350544882079775,0.3350372055018794,4.837827719938667e-07,1.2444878378208685e-06,8.369451913051307
482,533,0.3348264011157783,0.3348093202400946,4.834221446792764e-07,1.2246654236914054e-06,8.387142032384872
483,534,0.3347800020291776,0.33476322526721813,4.810311546880736e-07,1.1966450412607681e-06,8.40553137846291
484,535,0.33471699009284744,0.3347001482046746,4.946725936726333e-07,1.1895162236141701e-06,8.423136179335415
485,536,0.334642874626143,0.33462618748376866,5.087393666788056e-07,1.1599748707551367e-06,8.44074713345617
486,537,0.33464330332639897,0.33462663222259925,5.240819472174989e-07,1.1430284327517237e-06,8.458709045313299
487,538,0.334770867421942,0.3347547683076781,5.171458749242492e-07,1.092765551466686e-06,8.476225195452571
488,539,0.3348500095234853,0.3348336274683659,5.21339751341398e-07,1.1168657605971497e-06,8.494299956597388
489,540,0.3350627589339831,0.3350449462595493,5.395984297788619e-07,1.241669013601352e-06,8.511641569435596
490,541,0.3350870155962977,0.3350673399202275,5.91360426014301e-07,1.376207181000444e-06,8.529204058460891
491,542,0.3351250788390331,0.3351041261181759,6.055772008074073e-07,1.4896948849113907e-06,8.546672913245857
492,544,0.33508342450062767,0.3350635109737095,5.705078066627941e-07,1.4208448851532154e-06,8.570335405878723
493,545,0.33454459007078446,0.33452624655843205,5.607719817483134e-07,1.2735792534937632e-06,8.587888256646693
494,546,0.33420422839282354,0.3341862641386213,6.83905255447883e-07,1.1125201647766653e-06,8.605353850871325
495,547,0.3342021989916759,0.3341855878343609,6.096901343025561e-07,1.0514255971963984e-06,8.622882413677871
496,549,0.33416636706438446,0.3341497458181362,5.867561224780568e-07,1.0753685023436203e-06,8.647057249210775
497,550,0.3342457279577028,0.3342290535722187,6.017039428385824e-07,1.0657346055720425e-06,8.664721572771668
498,551,0.33427326825162607,0.33425683540920575,6.141705263702617e-07,1.0291137156621984e-06,8.682235000655055
499,552,0.3343484907187864,0.3343323889051238,6.19805657012035e-07,9.903757092551854e-07,8.699734828434885
500,553,0.33446378969138857,0.3344478942715257,6.102822772366874e-07,9.792597090498656e-07,8.717230940237641
501,558,0.3336261979527814,0.33290306765634947,3.417788607593994e-05,3.8135143567254656e-05,8.756247758865356
502,569,0.3336267544608393,0.3328853796652653,3.507384249940114e-05,3.906363705799383e-05,8.830600576475263
503,570,0.33295287065561857,0.33234858730977146,2.4825052107826104e-05,3.5603282476887575e-05,8.84845036175102
504,574,0.3234574601880186,0.3163794106905202,0.000285904652389347,0.0004219002973604915,8.88348806835711
505,576,0.32081180638571977,0.30348433577532846,0.0005930190232396267,0.0011397280377995042,8.906578349880874
506,578,0.3198271862682765,0.3010234455380336,0.0007087632106498044,0.0011716108623744841,8.929883503355086
507,582,0.31258064068229563,0.275885848510035,0.002005635220863852,0.0016638439963622108,8.966206451877952
508,586,0.30144157985692577,0.22873592566905832,0.004829960123674175,0.00244060529511257,9.003253313712776
509,590,0.2890247093080881,0.18882289172289612,0.007585173077933256,0.0024350086805859437,9.039442609064281
510,593,0.27870571183089987,0.1844550778441577,0.007588553346077576,0.0018365100525966403,9.069700041785836
511,596,0.26890600282139876,0.19757734157885115,0.0057771979007179034,0.0013556682235368574,9.099445870146155
512,599,0.26275168875950616,0.19651317426652828,0.0055325567780824805,0.0010912946712153088,9.12926653586328
513,601,0.23075538545231275,0.19815351678149723,0.0015823023098329083,0.001677884557248645,9.152829149737954
514,603,0.20553902134427954,0.1554102435509718,0.003119300505550364,0.0018935772737804113,9.177412767894566
515,605,0.192949834895916,0.13678836829571567,0.0037819060431888924,0.0018342406168311385,9.201056740246713
516,607,0.18658647991696967,0.1342436043389563,0.003268915334915693,0.0019653722228856435,9.224642857909203
517,608,0.18016952634540506,0.11892778247735912,0.00461361826385465,0.0015105561229499462,9.24263973068446
518,610,0.17225322113887423,0.12092886104559776,0.003633496235991429,0.0014989397733362168,9.266307092271745
519,612,0.16634416787113193,0.11498370809178507,0.0033949846086231317,0.0017410613693115552,9.289910707622766
520,613,0.16213033393955179,0.11566990927925438,0.0026680567580017727,0.0019779857080279685,9.307455392554402
521,614,0.15891877627679832,0.11461233187052279,0.0025501274600344304,0.0018805169805931245,9.324959081597626
522,615,0.15807406564130852,0.1132722787296692,0.0029045192593622825,0.001575659431801649,9.342506635002792
523,616,0.15642363027296982,0.1115834100431628,0.0029254019391834465,0.001558620083797255,9.360032694414258
524,617,0.15383669935143546,0.1087634550119203,0.002873973040548943,0.001633351393402571,9.377728294581175
525,619,0.1519479412162577,0.1113254326616981,0.0022631690549791256,0.001799081800476836,9.401282347738743
526,621,0.15140181390244495,0.11276314728310328,0.002009899275756778,0.0018539673861773884,9.425444485619664
527,622,0.15147756094458126,0.10822716244948445,0.002582437506977706,0.001742602342531974,9.443019432015717
528,623,0.15058862560668623,0.10981836670845581,0.0023236811497406146,0.0017533447400824278,9.460570023395121
529,624,0.14953363316743304,0.11030294767102988,0.0020557300216124423,0.0018673385280278737,9.478262692689896
530,625,0.14912455360082028,0.11049391394253186,0.0020851497458773587,0.0017779142199514809,9.495830912142992
531,626,0.14861077111779503,0.10942818443541127,0.0023607206939922714,0.001557537974246104,9.513356186449528
532,627,0.14788846981333387,0.11208377541288536,0.002038990998395061,0.00154147844164979,9.530969206243753
533,628,0.1477625115026523,0.11335966014844649,0.0019401438009057595,0.0015001413345148195,9.549144900403917
534,629,0.1474621749521997,0.1139261075006503,0.0019911070049595143,0.001362499740195428,9.566761333495378
535,630,0.14736576610205007,0.11682145936545055,0.0016919192118681264,0.001362511461791827,9.58428256586194
536,632,0.14719409944575745,0.11642817753467513,0.0018741358336884994,0.0012024563574197303,9.60792928468436
537,634,0.14662628105118114,0.11366064027940391,0.0022052705143337328,0.0010912935628439903,9.632446134462953
538,635,0.14477973156201424,0.11299165775160525,0.0019795677358945725,0.001199239645146326,9.649997614324093
539,637,0.1433882234776322,0.11017912435085207,0.0021531002332306126,0.0011678096794473995,9.673787011764944
540,638,0.14122270670639797,0.10764497487375611,0.002085675156529245,0.0012720980267349417,9.692325606010854
541,639,0.1392689677166017,0.10749122009470234,0.0021001257664317956,0.0010776489957581405,9.709774010814726
542,640,0.13869630129528854,0.11006055361370612,0.0019050085520731744,0.0009585662160850655,9.72733343206346
543,642,0.1377598215610759,0.10912217920210857,0.002082136677855435,0.0007816275580413008,9.750952120870352
544,643,0.136867838883649,0.1095148200523761,0.0019045784771938063,0.000830723405933485,9.768522125668824
545,644,0.13640930095747134,0.10905707856090144,0.0018622562931422339,0.000872965946514757,9.786073880270123
546,645,0.13545295934602508,0.1093731887545943,0.001817811153099466,0.0007901659060436115,9.803581786341965
547,646,0.13409086463117775,0.1122908412893168,0.0014550263314275435,0.0007249760027585507,9.821176068857312
548,647,0.13333164308023937,0.10964268292063412,0.0017838305016406467,0.0005850655143198783,9.839315271005034
549,648,0.13290743893574544,0.10827826820975642,0.0018260400714981894,0.0006368770011007142,9.856882207095623
550,649,0.13156143122920422,0.10907210762245775,0.0015734936709896703,0.0006754386896849761,9.874479862861335
551,650,0.13131546454371035,0.10815190826915438,0.0015136439570295577,0.0008027116704260382,9.892085113562644
552,651,0.12979519392413405,0.10486777592689425,0.001815772778701847,0.0006769690210221325,9.909669402055442
553,653,0.12819494944627555,0.10309710462233362,0.0018678193213671236,0.0006419651610270699,9.93345042783767
554,654,0.12667139737022146,0.10135366529496255,0.0017750382368101542,0.0007567349707157374,9.95111065171659
555,655,0.12412145943740452,0.09788695720471864,0.0019007771087853707,0.0007226731144832168,9.968673029914498
556,657,0.12345867523145178,0.09724278049982424,0.001847451223960341,0.0007741382492024136,9.992868257686496
557,658,0.12052476492756636,0.09417883577668733,0.0019620639406423114,0.0006725289744455916,10.011092247441411
558,659,0.1183888215452858,0.09238250921938135,0.002005422766318154,0.00059520846627229,10.029366814531386
559,660,0.1169043110101412,0.09709701930516211,0.0012236413659899167,0.000757087804507993,10.047078183852136
560,661,0.11479052196938845,0.09771877961377409,0.0011949007092386477,0.0005122735263227893,10.064603250473738
561,662,0.11481983079721604,0.09381783137658578,0.0014026266585402106,0.0006975732835228156,10.082231242209673
562,664,0.11334729915552706,0.09155036792635053,0.0016371937054108776,0.0005424994175067759,10.10588841047138
563,665,0.11231321755796465,0.09250981555529568,0.0014528499144475131,0.0005274902858193843,10.12342122476548
564,666,0.11083343982768983,0.09501513755181971,0.0011227912705387433,0.00045903895704826707,10.141108707524836
565,667,0.10936566842325457,0.09353175020848213,0.001033630382586957,0.0005497614388902872,10.15868513006717
566,668,0.1071669151180478,0.0857448489592136,0.0014722666515017489,0.0006699399643816722,10.176331396214664
567,670,0.10532544725801747,0.08535305648427494,0.0014887698999041898,0.0005084691774700641,10.19992989487946
568,672,0.10421638733078042,0.08658876610985262,0.001161383255752196,0.000601378866340584,10.223574856296182
569,673,0.1030695698109677,0.08459804901339076,0.001279803445118748,0.0005673486346389467,10.241159662604332
570,674,0.1021915498906646,0.082496832095648,0.0013940960787695122,0.0005753757007321492,10.258747981861234
571,675,0.10008803997912033,0.07815016306738871,0.001562209544298362,0.0006315781468747984,10.276418928056955
572,676,0.09923629273419274,0.07598147749356547,0.0016020240008072111,0.0007234575232555157,10.294016132131219
573,677,0.09795650125178877,0.07430093901440374,0.0016671120380469904,0.0006984441856915133,10.311570567078888
574,678,0.09699687206493932,0.07275692466103087,0.0017257387547937656,0.0006982559855970794,10.329235399141908
575,680,0.09638902148720449,0.07032693225710764,0.001981317177394902,0.0006248917456147828,10.352903281338513
576,681,0.09518920763816147,0.07152422017819257,0.0017175959824091325,0.0006489027635877572,10.370549124665558
577,682,0.09247188531293157,0.07150237804164414,0.0016127317884918708,0.000484218938636873,10.38807176426053
578,684,0.09137392672178014,0.07017762959005837,0.0016322130614421684,0.0004874166517300087,10.412124557420611
579,686,0.09013438246599983,0.07209875782826955,0.0013243736953605955,0.00047918876841243423,10.435823386535048
580,687,0.08945605325420661,0.06933922861758904,0.0016750884779902619,0.0003365939856714953,10.453351764008403
581,688,0.08772935159904263,0.0683704890698842,0.0014621457904624646,0.00047374046245337925,10.470986686646938
582,689,0.08682572788347906,0.06744287101758847,0.0014132066073780807,0.0005250790792109785,10.488534923642874
583,690,0.08422616885845491,0.06299306085919483,0.0014789979396709308,0.0006443128602550766,10.506088180467486
584,692,0.08282804347838656,0.06279440880371889,0.0013334495104251676,0.0006699139570415992,10.529772729612887
585,693,0.08108293146593892,0.06539461244809928,0.0011384709434269639,0.0004303609583570004,10.547336506657302
586,695,0.07951208113007723,0.06622496430041595,0.00096125986065359,0.00036745182231253667,10.57111197244376
587,696,0.07857750918965499,0.06519645318589695,0.0010023352006870666,0.00033577039968873745,10.588620430789888
588,697,0.07735037654459719,0.06554634234019531,0.0008277565546438031,0.00035264686579638454,10.606152924709022
589,698,0.07604584833832395,0.06692792594556977,0.0006224055903945807,0.0002893866488808367,10.624544967897236
590,699,0.07444821280669421,0.0642106022743766,0.0007982400017395325,0.0002255210514922287,10.642121748067439
591,700,0.07342562718635276,0.06324641566440005,0.0007242900443472055,0.0002936311078480646,10.65970810316503
592,701,0.07202433328572727,0.061276823836175366,0.0007487271254265701,0.00032602381952862036,10.677417324855924
593,702,0.06936565440177209,0.05836975480950863,0.0006458654884985447,0.0004537244707277999,10.69502810947597
594,703,0.06776162077794826,0.0565683355232094,0.0007487560769589065,0.00037057244851497944,10.712558208033442
595,704,0.06572141144586914,0.055089119373959244,0.0006966583177983867,0.00036657088939260317,10.730147522874177
596,706,0.06459278191500464,0.053662162692187626,0.0007475988037402895,0.00034546311854141286,10.753829231485724
597,707,0.06400855163370865,0.05229758389532604,0.0008249667397521457,0.00034613003408611516,10.771346362307668
598,708,0.06327887671673232,0.0522447505613681,0.0007327085787072113,0.00037070403682921217,10.789911943487823
599,709,0.062431619844893545,0.05001825476708253,0.0008152385669412482,0.00042609794083985325,10.807338770478964
600,711,0.062054404888948256,0.04945066470719895,0.0007938689231703264,0.00046650509500460356,10.831012102775276
601,712,0.06138440595275646,0.0488985103673834,0.0007830580039124732,0.00046553155462483335,10.848567380569875
602,713,0.06116785231562775,0.04750545667591544,0.0009282374430465541,0.0004380021209246764,10.866177886724472
603,714,0.060209805815090126,0.04603807943702,0.0009428275061175103,0.000474345131689502,10.883805706165731
604,715,0.06009470046497741,0.04556427362242698,0.0009418206193002899,0.0005112220649547536,10.9013538537547
605,716,0.059779779880212124,0.04569544912375064,0.0009120911747501362,0.0004963419008960122,10.918890638276935
606,717,0.05967120151217327,0.045187938934623244,0.0009323890061728903,0.0005159372515821122,10.936460077762604
607,718,0.05925132026833632,0.044295683259573955,0.0009666248426785488,0.0005289388581976877,10.954318143427372
608,719,0.05814208166098431,0.041230600373033756,0.0011642350021274796,0.0005269131266675756,10.972108813002706
609,720,0.057196138777632174,0.039634492570250125,0.0012065651244502784,0.0005495994962879265,10.989618613384664
610,721,0.055937053265815356,0.037848023786128025,0.0013499378445911356,0.0004589651033775977,11.00721241068095
611,722,0.054929018186147774,0.0358308525787996,0.001489444421621915,0.00042037213911290253,11.024758037179708
612,723,0.054602520659929786,0.03494901687355941,0.0014492692788985102,0.0005160810997385273,11.042290347628295
613,724,0.05373235014973611,0.03492353674868655,0.0013313931810076706,0.0005494881590972855,11.059809802100062
614,725,0.053255808158729566,0.03334987074676294,0.0014669333310853817,0.000523660410111281,11.077508692629635
615,726,0.05254679235196151,0.03348780994453423,0.0014085803061044389,0.0004973179346382896,11.09506505727768
616,727,0.05217344381179316,0.03213374256149825,0.001464401989778259,0.0005395681352512321,11.112668350338936
617,728,0.051750246300202335,0.032189480369039306,0.0014157744021895105,0.0005403021909267926,11.130252281203866
618,729,0.05130129484306348,0.03181490292727035,0.0014146220406721362,0.0005340171509071771,11.14778294134885
619,730,0.050326470282264786,0.03160097397165211,0.0013021611266279354,0.0005703885044333321,11.165365226566792
620,731,0.048762461943290744,0.031481667651346364,0.0009754882174761535,0.0007525912117182841,11.183004200458527
621,732,0.046264341684724535,0.03185530815095842,0.0008669963886319221,0.0005739069647446893,11.200577245093882
622,734,0.044433611507816474,0.030963011948983283,0.0008068703498194622,0.0005401896060638573,11.224247759208083
623,736,0.04259878528670446,0.03035235821846349,0.0007569943582817142,0.0004676483485423823,11.247877331450582
624,737,0.04223676158428415,0.030556687261328222,0.0006705300146776029,0.0004974774176179905,11.265413366258144
625,739,0.04154967896699719,0.028996124561257573,0.000811852245086851,0.00044350319548711075,11.289887149818242
626,740,0.041003280601676254,0.027569224645933647,0.0008777231113895684,0.00046568248418469205,11.307376738637686
627,741,0.039827299367204874,0.027700880049251277,0.0008082608880945969,0.00040438104370076327,11.324925203807652
628,742,0.03937731643363454,0.027389800786011356,0.0007941919609261755,0.00040455960383614274,11.342455744743347
629,743,0.03876990092395291,0.02686235018833289,0.0008130662194052896,0.00037768885415671215,11.359959740191698
630,744,0.03823367361905773,0.02654545294388193,0.000796945252394659,0.0003718768151229214,11.377598504535854
631,745,0.037970136742674535,0.02603960754194358,0.0008134225308586191,0.00037963038921447705,11.395107978023589
632,746,0.037755883875549026,0.02564141618251819,0.0008251254556261775,0.00038632131367690635,11.412584492005408
633,747,0.03746416182404204,0.025215790816001702,0.0008318944953528109,0.000392942605451223,11.430064936168492
634,748,0.03664977871232332,0.024849602834853213,0.0007866367825811796,0.00039338080516583063,11.447567525319755
635,749,0.0359245595372941,0.02439977896234687,0.0007520399724659743,0.0004004380850287489,11.465114395134151
636,750,0.034799515975128696,0.024203697162759687,0.0006918304192977363,0.0003677514619391645,11.482755232602358
637,751,0.03332768057980652,0.023564732228353338,0.0006080570690885856,0.000368237766056733,11.500239912420511
638,752,0.03203358385331887,0.022690981576440266,0.0006423284371138912,0.0002919317905739695,11.517752142623067
639,753,0.03131369174106094,0.022724734210024185,0.0005428459642363712,0.00031604978886730427,11.535311218351126
640,754,0.030816423651018277,0.022117062779548943,0.0005749489820283433,0.00029498710511858975,11.552808060310781
641,755,0.03041843576826666,0.021631700083035166,0.0005974468228191149,0.00028122674570403474,11.570410998538136
642,756,0.030409741785027488,0.022198055605565557,0.0005302190467269158,0.00029094957121927716,11.587963804602623
643,757,0.03046863659740141,0.022213590284840875,0.0005344368253235805,0.000291067805932473,11.605847290717065
644,758,0.0304736700260718,0.022082293536211134,0.0005461304024887446,0.00029300724649732187,11.623296652920544
645,759,0.03047750908162168,0.0220033204018161,0.000558348142279269,0.0002890707257012893,11.64081282261759
646,760,0.030437847759420666,0.021809407440280176,0.0005782075527299782,0.00028463647918407095,11.659109720028937
647,761,0.029978279303321132,0.021314237024124622,0.0005972193618898456,0.0002691848660298052,11.677190758287907
648,762,0.02904339644598802,0.020025572103288806,0.0006397321531535983,0.0002620502811163231,11.69469123147428
649,763,0.028491793645925193,0.019634781568061154,0.0006413178253644683,0.00024438338242193546,11.71295722387731
650,764,0.027842321467438078,0.019148849306788774,0.0006260550864288306,0.00024329212963610002,11.730442762374878
651,765,0.02738628171188143,0.01858393290216378,0.0006155514662177018,0.00026468341475406344,11.749207040295005
652,766,0.02692948509468788,0.01840025417840077,0.0006028932464261547,0.0002500298452025562,11.76670700777322
653,767,0.02636234349663184,0.017470164585924958,0.0006596878937040897,0.00022952999736659843,11.78426622133702
654,768,0.025309219728845013,0.01659766278505213,0.000652993362890246,0.00021816233148904253,11.801799435168505
655,770,0.02462506334775171,0.01583066118100098,0.000639764661368189,0.00023967555530688388,11.825470625422895
656,772,0.02368048628943048,0.014339496459571686,0.0006793224837268042,0.0002547764992590749,11.849120789207518
657,774,0.023149443969001687,0.014073935203755291,0.0006658066254859976,0.00024174425103864173,11.872744275256991
658,775,0.022781671404172938,0.013871306998273457,0.0006588285429247637,0.0002322078976651845,11.890234095044434
659,776,0.022462451193458216,0.012836744971890588,0.0007143338370195796,0.0002482367851371832,11.907702695578337
660,777,0.02229058318907579,0.012466211434999553,0.0007216240988419874,0.0002608130765656363,11.925310801714659
661,778,0.02199422299578172,0.012096830618936918,0.000736333099541405,0.00025340613814307507,11.94322222750634
662,779,0.02180489536139471,0.012119569839929288,0.0007222364757751966,0.00024629607637134595,11.961499439552426
663,780,0.021453471558719277,0.012144318179207518,0.0006879867975065066,0.00024292854044466924,11.979188033379614
664,781,0.020913636312639663,0.012370027087970713,0.0006036967734274898,0.000250664149039405,11.996705963276327
665,782,0.02067038334996073,0.011990771764669452,0.0006091888004978714,0.0002587723580312566,12.01419948041439
666,783,0.020356852574589385,0.011731562913462177,0.0006106788228771397,0.000251850143235581,12.031693587079644
667,784,0.019887942621817534,0.011221176395156589,0.0006034042534137943,0.00026327236925230023,12.0491883456707
668,785,0.01969327171680548,0.011173314112142898,0.0005916848088198827,0.0002603109516463759,12.066776126623154
669,786,0.01955198550377646,0.01115483095031021,0.0005872366119039267,0.00025247884344269827,12.084430084563792
670,787,0.01934061574508824,0.010964416848661998,0.0005795857902406145,0.0002580340994020099,12.1019398085773
671,788,0.019112881605393726,0.010775607174381717,0.0005721833536954717,0.0002615440894057293,12.119421569630504
672,789,0.01855769578098355,0.010233500697854463,0.0005644379373668947,0.0002679815709460141,12.137014319188893
673,790,0.017886381137117192,0.009907263202239839,0.0005459303499173115,0.0002519814435704237,12.154499190859497
674,791,0.01746475269079211,0.009868222889117468,0.0005327518463563112,0.00022690113381115324,12.172085467725992
675,792,0.017301508765898588,0.010124466296368363,0.0005118821985227603,0.00020582204843026217,12.189603478647768
676,793,0.01716072368238489,0.010171867811302231,0.0005097088823434329,0.00018917670476483305,12.20709405746311
677,794,0.017080595160750615,0.010202220532489053,0.0005058838467012335,0.0001819536161249227,12.224572224542499
678,795,0.016921275152331043,0.01024587120758151,0.000489019580565855,0.00017852081390909812,12.242101549170911
679,796,0.01678840067250759,0.01035009993989202,0.0004604324587885487,0.00018339761447300836,12.259556383825839
680,797,0.01664001819526592,0.010402656857123865,0.00044109722713259246,0.00018263890668161306,12.277104067616165
681,798,0.016336213049355085,0.010411171413035308,0.00040957174161483867,0.00018293242201713927,12.294683259911835
682,799,0.01599850532360981,0.010549934745733172,0.0003806246239750289,0.0001642324338126349,12.312304394319654
683,800,0.015613770064205841,0.010312440008469414,0.0003524338961485214,0.0001776991094251213,12.3298029769212
684,802,0.015488163214203711,0.010462160187336386,0.0003320535379804231,0.00017054676470630947,12.35346960928291
685,803,0.015275237017864336,0.01026043618141754,0.00033459397227512624,0.00016688611136955327,12.371631095185876
686,804,0.015094037409902878,0.010276611503814174,0.0003298736162816228,0.00015186897432724764,12.389832686632872
687,805,0.014909044113105483,0.010237930941979008,0.00031393068691173325,0.0001531806302009144,12.40729612018913
688,806,0.014808886852722752,0.009912797626196323,0.00031093884946619294,0.00017867007318645006,12.42572810407728
689,807,0.014646032341352594,0.009961759561805209,0.0003080207931118182,0.00016040648484292027,12.443614979274571
690,808,0.014486749732011087,0.009957801996888426,0.0002983493826988857,0.00015454539081338043,12.461131539195776
691,809,0.01444927529015315,0.009937895134154467,0.00029421535650266903,0.00015692265909719944,12.478786015883088
692,810,0.014372546462014857,0.009870139623613241,0.0002910379038219434,0.0001592027800182182,12.49627974908799
693,811,0.01425045470986987,0.009658228795474483,0.00028579956748823456,0.00017342302395130434,12.514159527607262
694,812,0.014038315853655087,0.009614107084456504,0.00027562244160043027,0.00016679843531942806,12.531713374890387
695,813,0.013775310600656033,0.009532816666406305,0.0002733415527891159,0.0001509078406358568,12.549196348525584
696,814,0.013758143928836796,0.009594428026486109,0.00026952580550199026,0.00014684578473307853,12.566762991249561
697,815,0.013757305607717867,0.009621605636340373,0.0002698295894861139,0.00014374040765163543,12.584378894418478
698,816,0.013727642612886767,0.009630799736231184,0.00026545514728103464,0.00014422914038452375,12.601886011660099
699,817,0.013696327046452591,0.009745325161714207,0.00025562715763231803,0.00013947303084152032,12.619414081797004
700,818,0.013628749316682702,0.010056023095297217,0.0002292092175740269,0.00012806340456452162,12.637352372519672
701,819,0.013575562224637447,0.010281523814879704,0.00020997579496774717,0.00011942804600802708,12.654839658178389
702,820,0.01346111519089854,0.010387244389221242,0.00019414353172673968,0.00011324354844099001,12.672418584115803
703,821,0.013298949322622029,0.010471755321060377,0.00017638829471383033,0.00010633110544233489,12.689960841089487
704,822,0.013091288029262963,0.010358770741600968,0.00016947542789643504,0.00010377630086976456,12.70748218242079
705,823,0.012946771002011283,0.010434360575223584,0.00015544182796241668,9.579921471635316e-05,12.724982373416424
706,824,0.012615523129448535,0.010149156363451754,0.00015361363488804191,9.302304171163605e-05,12.742568546906114
707,825,0.012419820572153514,0.00996064383411052,0.000153215123356059,9.270255044824033e-05,12.760053912177682
708,826,0.012265695843617802,0.009941769129683144,0.00014812214395379833,8.427052743966752e-05,12.77762225177139
709,828,0.012282520394076813,0.009977165023389599,0.0001423261598409517,8.820937722776973e-05,12.801194061525166
710,829,0.012046214467900175,0.009832156212032254,0.0001417798528385604,7.962597274823164e-05,12.81876346282661
711,830,0.011875784475749121,0.00951902409565019,0.00014272124287619616,9.295479513369679e-05,12.83682635333389
712,831,0.011666368846292362,0.00931549112090995,0.0001413955988453612,9.369217369287997e-05,12.854203815571964
713,832,0.01150776376138067,0.00922155308594886,0.00013229166399715832,9.632940354602264e-05,12.871815633028746
714,833,0.011421782904375372,0.009120766267692045,0.000134844194453434,9.525746921489872e-05,12.889401716180146
715,834,0.011332135196534395,0.009082369077571912,0.0001327732325386013,9.220337935764695e-05,12.906942404806614
716,835,0.011266881323747657,0.009001099384242588,0.00013705556758828079,8.952262636222595e-05,12.92444493342191
717,836,0.011234112036987267,0.008952254465801538,0.00013908624887291535,8.909950824565742e-05,12.941977737471461
718,837,0.011235723952198502,0.008913134835509005,0.0001408772214293114,9.138169023963834e-05,12.959623534232378
719,838,0.011233502301899219,0.008858718431451395,0.000143289454349743,9.418893269503937e-05,12.977181731723249
720,839,0.011240810279438313,0.008814046129499814,0.0001454747799723181,9.720163502153177e-05,12.99466076027602
721,840,0.011242908544296444,0.008729779602646663,0.00015142166687549856,9.989122728947948e-05,13.012249736115336
722,841,0.011191007881960625,0.008618432010648774,0.00015866394272451203,9.859364440667308e-05,13.030075089074671
723,842,0.011122476570829116,0.008509631262797857,0.00016694125954305487,9.434327126007106e-05,13.04769604280591
724,843,0.010985063503752857,0.008312838488605442,0.0001790894088655022,8.813309264923922e-05,13.065226251259446
725,844,0.01091714203133791,0.008038333479392411,0.00019874346720448666,8.913738799006322e-05,13.08280888479203
726,845,0.010788796230011753,0.0076308865510040895,0.0002172028780925802,9.858808980818615e-05,13.10036004986614
727,847,0.010821526604003547,0.007467353615095948,0.00023831420081320506,9.710309807755496e-05,13.123985394835472
728,848,0.010706037682148029,0.007277029823562064,0.00024343913592552634,9.94616499330701e-05,13.141563663259149
729,849,0.010550311045065094,0.007074055035600131,0.0002387527160273767,0.00010887288491911957,13.159482197836041
730,850,0.010431724561162828,0.0071529390563066985,0.0002288385553934575,9.903999509215536e-05,13.177110150456429
731,851,0.010289271156327724,0.007231124734366211,0.0002078546578645489,9.795998433160231e-05,13.194648298434913
732,852,0.010108587040319085,0.0073478791663291795,0.00018757853281291479,8.849225458607572e-05,13.213501948863268
733,853,0.010246006737857687,0.007538934796593896,0.00017490693340557997,9.580026072079914e-05,13.231044699437916
734,854,0.01012421870135951,0.0073975971370133075,0.00018099105467089753,9.167110176372276e-05,13.24854227900505
735,855,0.010053966858591248,0.007505413922784699,0.0001706437266491706,8.421156693148441e-05,13.266147232614458
736,856,0.01006476883222428,0.007521490149673628,0.0001689210135571089,8.540685469795635e-05,13.283804305829108
737,857,0.01011060513280581,0.007552659090213555,0.0001687227650009951,8.707183925823026e-05,13.301352858543396
738,858,0.010101196230628228,0.0075699945992646865,0.0001668931318299571,8.622703130639701e-05,13.318929790519178
739,859,0.01009675311206583,0.00759990836135596,0.00016456170936185677,8.512276570913025e-05,13.336529231630266
740,860,0.010075960867499756,0.007615877925321467,0.00015957422306645208,8.643407115137672e-05,13.35409482754767
741,861,0.010045276499721163,0.007653405547379902,0.00015448636236420644,8.470073286991967e-05,13.371684717014432
742,862,0.009985602271591136,0.007583833564060101,0.00014990714083125075,9.02697299218527e-05,13.389293737709522
743,863,0.009822908114419946,0.007479909708905002,0.00015226640185505067,8.203343869644369e-05,13.406863522715867
744,864,0.009858120944243036,0.007569512162005492,0.00014783823035349698,8.102264787025745e-05,13.424508419819176
745,866,0.009659233508155767,0.007472412961828944,0.0001481388464055276,7.054320822715455e-05,13.448238814249635
746,867,0.009371645236300125,0.007493728448655001,0.0001251623163281498,6.262936243636254e-05,13.465859324671328
747,868,0.00921854737453012,0.007275846811730617,0.00012701471959404042,6.72553366859099e-05,13.483478019014001
748,869,0.009368308104538026,0.007466929366619642,0.0001124672533730177,7.767062041882076e-05,13.501062669791281
749,870,0.009019203727092622,0.007189437234333368,0.00011597562747818893,6.700102179773651e-05,13.519163934513927
750,871,0.008826382335309496,0.007142100682304688,0.00010312481085777383,6.530335444270694e-05,13.53680260013789
751,872,0.008759568226026259,0.0071087998032922615,0.0001039496312080022,6.112721106539747e-05,13.554332010447979
752,873,0.008683718187334977,0.007016928547442678,0.00010523443847277636,6.144452551645361e-05,13.57198215648532
753,874,0.008537640137288985,0.006905163604650923,0.00010164935173226159,6.159830153154458e-05,13.589593816548586
754,875,0.008377349528267455,0.006762073656327839,0.0001003047542815557,6.122283291240588e-05,13.607560874894261
755,877,0.00832709249299685,0.006709630161202382,9.941889555404352e-05,6.232733762540326e-05,13.631273530423641
756,878,0.00827824082677097,0.006666946137752109,9.739451204392645e-05,6.37349568579597e-05,13.648786678910255
757,879,0.00824243501308612,0.006636971315469365,9.646079932124862e-05,6.40855704404269e-05,13.666601421311498
758,880,0.00818002640622567,0.00661111960627167,9.57950673204733e-05,6.10956126749267e-05,13.684746299870312
759,881,0.008129333502909727,0.006585498746490201,9.321447433375995e-05,6.116900130819256e-05,13.702305367216468
760,882,0.008092527830604714,0.006620812460698421,8.515303511870191e-05,6.201850187192754e-05,13.71987756434828
761,883,0.008078421995071897,0.006596050877058937,8.70109518932859e-05,6.12261599080101e-05,13.737576538696885
762,884,0.008107968858538577,0.006646076846051997,8.762353039804157e-05,5.856567085061659e-05,13.755172748118639
763,885,0.008118006604009135,0.006705238352037591,8.489731160505577e-05,5.63795135920987e-05,13.77288528624922
764,886,0.008109083695169631,0.006800771227004574,7.814233439657849e-05,5.2688912419927326e-05,13.790502457879484
765,887,0.008050844526505485,0.006828651756057561,7.125669759627774e-05,5.0962579448514674e-05,13.808045541867614
766,888,0.007909963890246487,0.006790632067476449,6.288241031524437e-05,4.905077196175941e-05,13.825585299171507
767,889,0.007737808939164864,0.006662280838830231,5.83524723448464e-05,4.9200337688616826e-05,13.843211463652551
768,890,0.007540271521469363,0.006501696216431045,5.407451557484039e-05,4.978301492899135e-05,13.86077641043812
769,891,0.0074800047255767855,0.006472283102781867,5.159281470912304e-05,4.917934757036882e-05,13.878357532434165
770,892,0.007458643600390435,0.006424946957936003,5.2027307788251336e-05,5.1342356457191845e-05,13.89592261891812
771,893,0.0074375169277942,0.006333468629340935,5.9019317591027904e-05,5.138551225429861e-05,13.914246398024261
772,894,0.00745217380186254,0.006347248534323317,5.987800189209957e-05,5.0614524861822705e-05,13.931871407665312
773,895,0.0074517429190237,0.006359272692462581,6.107359669183837e-05,4.817342596427353e-05,13.949468469247222
774,896,0.007350943718065425,0.006223353968755468,6.370101576045724e-05,4.90579591705385e-05,13.96709605306387
775,897,0.007230882896239318,0.005980815344865444,7.1650218738421e-05,5.335653639896636e-05,13.984762986190617
776,898,0.007048859996923512,0.0057695587238281165,7.201750378648903e-05,5.59126235230505e-05,14.002369147725403
777,899,0.007087074972904191,0.005728441072405003,7.920086392571053e-05,5.6662526124208254e-05,14.0198940820992
778,900,0.007029201550579894,0.005771265957209119,6.879896922844251e-05,5.699459010863503e-05,14.037461559288204
779,901,0.007066623618600609,0.005908777126761838,6.357769746997742e-05,5.220695171389971e-05,14.055026424117386
780,902,0.007051716211908867,0.005865902529927025,6.880929160319691e-05,4.9772076594987206e-05,14.072624767199159
781,903,0.006966561628006585,0.00581247573982155,6.467052835380492e-05,5.073806046469866e-05,14.090198397636414
782,904,0.00690210331178866,0.005768045413292079,6.23765703780599e-05,5.1029219471598165e-05,14.10783394612372
783,905,0.006879554111887758,0.005794072602923069,5.813089076340741e-05,5.0417260133061524e-05,14.125345691107213
784,906,0.006858648017878936,0.005781242488069842,5.8385153438544494e-05,4.935539954236487e-05,14.142992202192545
785,907,0.006865347320844886,0.005804472470527483,5.8385973503352344e-05,4.770151152838795e-05,14.160500545054674
786,908,0.006899251244733074,0.005847441434400202,5.847466596174999e-05,4.670631507153723e-05,14.178924941457808
787,909,0.006911449955653429,0.005859032296888684,5.92529903347395e-05,4.5988775541735006e-05,14.196868664585054
788,910,0.006944569608502563,0.005882146887248757,6.0392602690517285e-05,4.584966943486338e-05,14.214442311786115
789,911,0.006963998351575734,0.005897417095331983,6.0920511919224065e-05,4.573761370515099e-05,14.231993942521513
790,912,0.006986151624771389,0.005890737550771731,6.31468149011646e-05,4.639459249880107e-05,14.249516744166613
791,913,0.006984425036604345,0.00585523475948208,6.427380823303134e-05,4.864521947919528e-05,14.267102860845625
792,914,0.006986409619354438,0.005809214112112941,6.93141123238013e-05,4.840543840034834e-05,14.284752013161778
793,915,0.006977496009445305,0.005769730731408738,7.136378895479883e-05,4.941273884885793e-05,14.302333698607981
794,916,0.006950888223475804,0.005707656243991934,7.453664661988526e-05,4.978655132850182e-05,14.319857369177043
795,917,0.006946530180283932,0.005680913458279966,7.752851938907115e-05,4.903315281132543e-05,14.337438887916505
796,918,0.006928049629577554,0.005660093291804185,7.983237531094295e-05,4.6963258466393976e-05,14.354973098263144
797,919,0.006907441465980328,0.005671774369266722,7.908467692220476e-05,4.448203274915583e-05,14.372560730203986
798,920,0.006951152399921172,0.005761941595679452,7.88780456512049e-05,4.0043034772967094e-05,14.390154800377786
799,921,0.006867056065800387,0.005675106682597171,7.60529802160471e-05,4.314195810427445e-05,14.408461030572653
800,922,0.006839555187727582,0.0056362788636391305,7.843536414403317e-05,4.189226826481199e-05,14.42599077988416
801,924,0.006822185504363175,0.005636338034647348,7.464003336672166e-05,4.394471360486103e-05,14.449648537673056
802,925,0.006726730728022146,0.005512393942914295,7.906531060149613e-05,4.2368367909288936e-05,14.467719762586057
803,927,0.006671424264805909,0.005429448153206862,8.407947170672791e-05,4.011813945317683e-05,14.491532988846302
804,928,0.0065762917352489075,0.005377726869307726,7.732310185037811e-05,4.253338474374002e-05,14.509079506620765
805,929,0.006508484216617717,0.005321126415693087,7.982229794121807e-05,3.891348215124494e-05,14.526598817668855
806,930,0.006509603928348275,0.005307584808803424,8.378377023227055e-05,3.641814172221458e-05,14.544185572303832
807,931,0.006521708354630231,0.005315447554097395,8.314464679059861e-05,3.7481433262684955e-05,14.562714893370867
808,932,0.006483360282433044,0.005309784982455048,7.939084881942496e-05,3.7966681178374586e-05,14.580244181677699
809,933,0.0064091861729411665,0.005236154448423312,7.898966209139533e-05,3.831351036039008e-05,14.597851529717445
810,934,0.006403421832942384,0.005228866737687132,7.856386059561964e-05,3.889164892990549e-05,14.615393339656293
811,935,0.006384675477780133,0.005211679789231856,7.793975827100133e-05,3.9359810583826406e-05,14.632966701872647
812,936,0.006365844378445956,0.005200493841810136,7.703936800802717e-05,3.9495685655554835e-05,14.650556075386703
813,937,0.006354660926193569,0.0052016550955971365,7.615576454662622e-05,3.9144818513017005e-05,14.66810641437769
814,938,0.006332555869212473,0.005192311967269359,7.567715102378835e-05,3.834723917052312e-05,14.685731675475836
815,939,0.0063204194914319506,0.0051889106574710435,7.726570342509659e-05,3.588517997099412e-05,14.703274121508002
816,940,0.006275736589813943,0.005174535657625995,7.61294257398259e-05,3.399066747896889e-05,14.720820406451821
817,941,0.006222002870240887,0.005102641002235075,7.879789423425362e-05,3.313829256632758e-05,14.738444117829204
818,942,0.0061575626751211535,0.005014850586374133,7.922704607043807e-05,3.504416280426406e-05,14.75596846267581
819,943,0.005998291793022432,0.004848337441965234,8.014439511167754e-05,3.485103999404222e-05,14.77356072049588
820,944,0.005771162303201895,0.004689601600421236,7.149863877723019e-05,3.665743150083567e-05,14.791159619577229
821,946,0.005673034934297555,0.004588611267671831,7.330594058507278e-05,3.513642607749959e-05,14.814820971339941
822,947,0.0055671029746719065,0.0045610137893659026,7.091470988884085e-05,2.9694208641759557e-05,14.83241074718535
823,949,0.00546519956731012,0.004485102601009833,6.784089866094029e-05,3.0168797969088403e-05,14.856061767786741
824,951,0.005438755541575766,0.004481484706307894,6.581405915327621e-05,2.991302437351102e-05,14.879733063280582
825,952,0.005382847282771017,0.004415645155626525,6.811948999414032e-05,2.860072272030893e-05,14.897236654534936
826,953,0.005354892014679276,0.0044023485221328755,6.916467730686948e-05,2.6089671947770616e-05,14.914696296676993
827,954,0.005312287598831735,0.004349359081042193,7.066374608796591e-05,2.5629105690988244e-05,14.9321876661852
828,955,0.00528435139425727,0.004334562974861326,6.945845113056525e-05,2.552039080902915e-05,14.949776000343263
829,957,0.005221857474956936,0.00428419212021346,6.956477675282401e-05,2.4201758721523564e-05,14.973368356004357
830,958,0.005215313205884615,0.004255687516971812,7.068163874661822e-05,2.5280930144662086e-05,14.990950353443623
831,959,0.005195329733389924,0.0042377648644626575,7.102950052378111e-05,2.472698636894547e-05,15.008535511791706
832,960,0.005074247056499877,0.004126507218754533,7.123964806197782e-05,2.353433571255658e-05,15.026118804700673
833,961,0.005075456092079411,0.004109163920527435,7.256829542556804e-05,2.4060921729629494e-05,15.043644574470818
834,962,0.005073237931199822,0.004086261926777668,7.497600292090864e-05,2.3721597521306697e-05,15.061181067489088
835,964,0.005111070618973137,0.0041279171432932905,7.51869398586407e-05,2.312840770934402e-05,15.084957257844508
836,965,0.005209882806452286,0.004189107891106097,7.653452611698541e-05,2.5542965417633437e-05,15.102397731505334
837,966,0.005219385105220545,0.004220080968146598,7.69246295757863e-05,2.300578413160838e-05,15.119871917180717
838,967,0.005145007114811118,0.004165491217925214,7.531514156087392e-05,2.2636448127716526e-05,15.13734098803252
839,968,0.005153356524864939,0.0041975891842737905,7.2390396245389e-05,2.3186337813725924e-05,15.155176536180079
840,969,0.005181584785379126,0.004224561315841439,7.17571245987044e-05,2.3945222355064254e-05,15.172701167874038
841,970,0.0052018013945077215,0.004248170502002835,7.166000230752971e-05,2.3703086942958932e-05,15.191176475025713
842,971,0.005233880685695921,0.00427207237657619,7.186686954317198e-05,2.4313961368801064e-05,15.208555279299617
843,972,0.0052608543269938935,0.004291657054012089,7.167005995593592e-05,2.5249667342244533e-05,15.226075797341764
844,973,0.005294171038274405,0.004321833228223581,7.185359592026903e-05,2.5380185084813274e-05,15.243655942380428
845,974,0.005308478088234159,0.004322486876647421,7.284689798415738e-05,2.575222317451642e-05,15.261150340549648
846,975,0.005337888658401173,0.004348951586847911,7.320749082815367e-05,2.5686216327172502e-05,15.278715594671667
847,976,0.0053279862259047964,0.004342609544089034,7.339895848307891e-05,2.5138709698497373e-05,15.296213393099606
848,977,0.0052938773349863865,0.0043088689503078,7.259553881297483e-05,2.5905299654883863e-05,15.313669977709651
849,978,0.005307191671183671,0.004330037968524448,7.180305958823715e-05,2.591231067768508e-05,15.33118309918791
850,979,0.0052957811709171245,0.004317269418441097,7.213284317333557e-05,2.5718332074267125e-05,15.349512346088886
851,980,0.0052930276467894255,0.004306139706905757,7.296660691916109e-05,2.5722187069205784e-05,15.367112504318357
852,981,0.005289675940035165,0.004290556416637811,7.428350684592671e-05,2.562844549380868e-05,15.385694390162826
853,982,0.005307792037031832,0.0042848522209468325,7.656627005228889e-05,2.572771155621107e-05,15.403186483308673
854,983,0.0053293906353065615,0.00428645825463666,7.856070495155666e-05,2.5732533115433482e-05,15.420659789815545
855,984,0.00538565717697657,0.004321757296401523,8.07850516396724e-05,2.5604936417832362e-05,15.438132722862065
856,985,0.005423099546146585,0.004350913928930205,8.188605480784482e-05,2.533250691379319e-05,15.456025454215705
857,986,0.005504190624064054,0.0044345799494639,8.208423356359633e-05,2.4876833896419036e-05,15.473600347526371
858,987,0.005503371969308704,0.004440924986141366,8.170619983312435e-05,2.4538498483609402e-05,15.491230773739517
859,988,0.00551450386950163,0.004458774901450985,8.14377849937456e-05,2.4135111811318944e-05,15.508750191889703
860,989,0.005497366491908818,0.004465550014319386,7.953737498632759e-05,2.364427277261565e-05,15.527056531049311
861,990,0.005519692813608762,0.004516448161997571,7.744112626899584e-05,2.2883338892123197e-05,15.544486805796623
862,991,0.005431548749739742,0.004505484700526135,6.954087327644657e-05,2.3065531644914084e-05,15.561969701200724
863,993,0.005383567722120456,0.0044731953248975664,6.725986643486929e-05,2.377737328741965e-05,15.585578594356775
864,995,0.005183249061596688,0.004253205996942909,6.936461478763123e-05,2.3639691677746676e-05,15.609623089432716
865,997,0.005114464284680055,0.004225240790637396,6.745515745196829e-05,2.1467191952297542e-05,15.633197636343539
866,999,0.0049977231059002165,0.004124049058204425,6.292830144548647e-05,2.4439103324092623e-05,15.656801730394363
867,1001,0.005010135956652996,0.004185519372600704,6.042907308926928e-05,2.20325853159599e-05,15.68047143984586
868,1002,0.004946504859966804,0.004122333564709539,5.921680458909416e-05,2.3200324936632365e-05,15.697934351861477
869,1003,0.005001676244625392,0.004188665169557098,6.027742389897081e-05,2.102368360785866e-05,15.715442738495767
870,1004,0.004927559338583663,0.004136690828199108,5.8203426825736395e-05,2.0883424212719033e-05,15.73296532779932
871,1005,0.004919989232415021,0.004133283795222306,5.6178930143919186e-05,2.2491613575352227e-05,15.750412788242102
872,1006,0.004930785093153833,0.004153269094404868,5.604366879612507e-05,2.1707931078771463e-05,15.76788772828877
873,1007,0.004924425096770012,0.004168339599327627,5.590836108885107e-05,1.9700188655387384e-05,15.785424345172942
874,1008,0.004945048103809194,0.004202800234558027,5.5221578897444255e-05,1.9003208027672468e-05,15.80294928047806
875,1009,0.004916578038099032,0.00417823943505869,5.272656797893817e-05,2.1107292325096028e-05,15.820408125407994
876,1010,0.004950320903023528,0.004219464656785353,5.2330486137381546e-05,2.0755138486435963e-05,15.837883623316884
877,1011,0.0049291274532909345,0.004192261865882284,5.30883376451273e-05,2.0598221095737664e-05,15.855348368175328
878,1012,0.004896407858198827,0.004157386476469495,5.343422856701984e-05,2.0467909605913383e-05,15.87292658444494
879,1013,0.004857328787791727,0.004109368736987188,5.4451677953042085e-05,2.0344327127411802e-05,15.89048122242093
880,1014,0.004840293454746323,0.004100614724856756,5.380232781828298e-05,2.0165545170673736e-05,15.90887298900634
881,1015,0.004795087352211414,0.00405511483969285,5.37677449453668e-05,2.0229506306489517e-05,15.926378433592618
882,1016,0.004770008907173266,0.004025208690113107,5.3780431381857234e-05,2.069959032415872e-05,15.943908955901861
883,1017,0.0046788102264384976,0.00392887903064673,5.3167222469399755e-05,2.1825897109777092e-05,15.961522170342505
884,1018,0.004673113708735073,0.0039042704954383263,5.3268538400651636e-05,2.3615782929023035e-05,15.980042879469693
885,1019,0.004625509500976613,0.0038626207436468687,5.3029054292324065e-05,2.3259821440650406e-05,15.997432411648333
886,1020,0.004608749526113185,0.003845767663811095,5.314936622510762e-05,2.3148820005101387e-05,16.015002865344286
887,1021,0.004552162723686184,0.0037811540689730466,5.415047532296479e-05,2.2950390148348987e-05,16.032469543628395
888,1022,0.004543420824526106,0.003763241300486895,5.4751261556055824e-05,2.3266690847865267e-05,16.04996216483414
889,1023,0.004528747564844577,0.003761216622245792,5.429935725141452e-05,2.2453737008464007e-05,16.067980475723743
890,1024,0.004516755982905461,0.00375845367447243,5.459962596533346e-05,2.1230604877969637e-05,16.085562747903168
891,1025,0.004556594580785855,0.0038230541300268736,5.372810443400697e-05,1.962594064189115e-05,16.1030764086172
892,1026,0.00455101959676284,0.003812475038478281,5.4116448193590295e-05,1.973800763486567e-05,16.12113367114216
893,1027,0.004518542679352468,0.00377806919633068,5.418328892717874e-05,1.9864059375000107e-05,16.138566496782005
894,1028,0.004508252556157168,0.003776078089597986,5.348574154240378e-05,1.9731705113514402e-05,16.156097559258342
895,1029,0.004479660724205352,0.003747050318943381,5.334933667909925e-05,1.9911703847097775e-05,16.17468500416726
896,1030,0.004438049966527389,0.003696629967126689,5.432512002098291e-05,1.9816879919087024e-05,16.19223398435861
897,1031,0.0043985591830193425,0.003643734610797321,5.57913326017373e-05,1.969112462046485e-05,16.209695738740265
898,1032,0.0043752975575031185,0.00361015804476241,5.71031205501057e-05,1.941083072396516e-05,16.2271846877411
899,1033,0.004372826303322427,0.0036087277911504706,5.7193977497974504e-05,1.9215873719221137e-05,16.24470158945769
900,1034,0.0043738921719008,0.003609976623961004,5.714499468939441e-05,1.9246560104585188e-05,16.262154498137534
901,1035,0.00434510756811697,0.003575752098094321,5.678966791149912e-05,2.0145879090765844e-05,16.2797339130193
902,1036,0.004336385223802785,0.003576637874755205,5.6685460448480976e-05,1.9289274456277096e-05,16.29732251074165
903,1037,0.004310614816000759,0.0035498757816218272,5.636719417970635e-05,1.9706709258186827e-05,16.314921350218356
904,1038,0.004352271871220003,0.0035847729033951295,5.7273650418410725e-05,1.9476246364076622e-05,16.332331395708025
905,1039,0.004326097933375855,0.003557459486308592,5.560923741872976e-05,2.125460728799651e-05,16.349918028339744
906,1040,0.00430500413883969,0.0035203602082035496,5.647703980402961e-05,2.1987353259584448e-05,16.36742706876248
907,1042,0.004385478120279821,0.0035926924027596613,5.8318048566716674e-05,2.096052318529923e-05,16.39116522669792
908,1044,0.004352521611191161,0.003554224094998629,5.8559052283732315e-05,2.1270699335520853e-05,16.41477842722088
909,1046,0.004350267664585147,0.003559846719881274,5.608311869913922e-05,2.2958975771248096e-05,16.43829585146159
910,1047,0.004355357987297703,0.0035777922414069745,5.464184092571456e-05,2.3114733663358218e-05,16.455797019414604
911,1048,0.004342858602305499,0.0035777145736705946,5.230446017237179e-05,2.4209942691118646e-05,16.473378950729966
912,1049,0.004339123655874419,0.0035689905065198484,5.163526954872921e-05,2.5378045386727905e-05,16.491088996641338
913,1050,0.004305741964865725,0.003522266639231687,5.140454972576742e-05,2.6942982837636323e-05,16.508602984249592
914,1052,0.004322393458521173,0.003528916340081675,5.296900974023289e-05,2.637870210371696e-05,16.53219938557595
915,1053,0.004266755254490404,0.0034026646787665023,5.745440782236419e-05,2.8954649750026028e-05,16.549675285816193
916,1054,0.004225905221837353,0.003414151679261908,5.27909115610257e-05,2.8384442696518798e-05,16.567143564112484
917,1055,0.004202646366621514,0.0034006232400963818,5.3028558964542446e-05,2.7173753687970818e-05,16.584766778163612
918,1056,0.00411038810364716,0.0033044335269609574,5.406383225165563e-05,2.653162541696465e-05,16.602288278751075
919,1057,0.004118556565954877,0.003300220675731174,5.6176929686770804e-05,2.5656659335599572e-05,16.61977846454829
920,1058,0.004082802053146522,0.003286342732353911,5.2300027672874636e-05,2.734590440638642e-05,16.6372334016487
921,1059,0.004051534138179406,0.003261016722733517,5.275310197532945e-05,2.6298639569259466e-05,16.654754201881588
922,1060,0.004013980274130511,0.003214876898924706,5.506218174233234e-05,2.484815577824811e-05,16.672241190448403
923,1061,0.004003585464279542,0.003195177493390094,5.698862023825311e-05,2.385217685069174e-05,16.68980432022363
924,1062,0.003958856069551089,0.003168302961643634,5.523122449957492e-05,2.38240862911706e-05,16.70732333138585
925,1064,0.003937658033360412,0.0031491202021550506,5.432545709270714e-05,2.4528326027829e-05,16.731006365269423
926,1065,0.003944291649265109,0.003163593598707522,5.443976359540363e-05,2.3630041460355015e-05,16.748586770147085
927,1066,0.003982285156345612,0.0031939737622220326,5.6149519680338287e-05,2.2681619732019644e-05,16.766129452735186
928,1067,0.003945546064147931,0.003171492437896584,5.5051150300986926e-05,2.2354212324147755e-05,16.783805418759584
929,1068,0.003941224642641622,0.0031829850823586045,5.358891725304533e-05,2.2235038775256426e-05,16.80129104387015
930,1069,0.003920198704544329,0.003181896715633284,5.323117211680573e-05,2.0599026774298765e-05,16.818868240341544
931,1070,0.003910975088729868,0.0032189891337254606,4.985967049856066e-05,1.9338925001880014e-05,16.836414306424558
932,1071,0.003873000447560162,0.003201410575459816,4.8363098853108754e-05,1.8795888356925824e-05,16.853959089145064
933,1072,0.0038809029344386457,0.0032050024240803457,4.879227986364219e-05,1.8797771172187807e-05,16.87150119431317
934,1073,0.0038710169187268317,0.003188447988606988,4.7706496135790715e-05,2.0550396876193664e-05,16.889085584320128
935,1074,0.0038816449464780956,0.003206467698812314,4.703753216457463e-05,2.0480192602003516e-05,16.907477247528732
936,1075,0.003873671920656433,0.003211270124624993,4.667305629358895e-05,1.9567123309555025e-05,16.92500484827906
937,1076,0.003877760363127392,0.0032148077994386443,4.669322822674663e-05,1.9602028142128117e-05,16.942590509541333
938,1077,0.003848773470528892,0.00319385911696515,4.626279665815208e-05,1.9228638698222125e-05,16.96023208834231
939,1078,0.0038365304230428858,0.003192944817131799,4.5645297974827756e-05,1.8713262616280917e-05,16.97782173473388
940,1079,0.0038290727849358062,0.003198597225572953,4.5057721709869797e-05,1.7989834226415473e-05,16.995404574088752
941,1080,0.0038076943544190743,0.0031893819733494967,4.425963627924976e-05,1.757160182770803e-05,17.013007531873882
942,1081,0.0037689531971644916,0.003157073026632774,4.3545071718890745e-05,1.7642945334281058e-05,17.030526366084814
943,1082,0.0037492044829319513,0.00312184370163103,4.378134456481228e-05,1.895473356527979e-05,17.048169316723943
944,1083,0.0037377214592905347,0.003116550602316555,4.287041001778043e-05,1.9246675679617544e-05,17.066572150215507
945,1085,0.0037352172168706116,0.003118895645028503,4.2788203051394245e-05,1.884395413281662e-05,17.09035398438573
946,1086,0.0037255464922351885,0.003109772851295579,4.334010917008e-05,1.8237254923880957e-05,17.10790068563074
947,1087,0.0037200366783773763,0.003100295599735347,4.3278421148434196e-05,1.869568671576869e-05,17.125410123728216
948,1088,0.003713380820708439,0.0030852219083462038,4.339618567159431e-05,1.941970556462923e-05,17.142950870096684
949,1089,0.0037141550402372634,0.003093384760867234,4.305407512222338e-05,1.9022952814779538e-05,17.160817275755107
950,1090,0.003707481224252458,0.0030916052959815555,4.295015662500432e-05,1.8637436202085924e-05,17.17843956965953
951,1091,0.003703644816968626,0.003100887270698563,4.2176901437741405e-05,1.8098853189264865e-05,17.1960475333035
952,1093,0.003704972172513761,0.0031119930243709995,4.12639495346249e-05,1.8033965279651236e-05,17.22013656888157
953,1094,0.003693237354810239,0.0031123101917946506,3.981935362528771e-05,1.8273362676271156e-05,17.237666418775916
954,1095,0.0037002023044540415,0.003125359458652642,3.9059416897966866e-05,1.8424867682173058e-05,17.255215698853135
955,1096,0.003708980867401064,0.003132629093238265,3.853866167655917e-05,1.9096515739720788e-05,17.27277718205005
956,1097,0.003708747217147376,0.003127703163175713,3.875007032789835e-05,1.9354335069267977e-05,17.290988081134856
957,1098,0.003705843338992172,0.003123098987154306,3.8763604834372136e-05,1.951083034941446e-05,17.30847742781043
958,1099,0.0037067030820804535,0.0031244856183644523,3.8457353097001834e-05,1.9764393274598294e-05,17.32605457957834
959,1100,0.0036964709725212847,0.003120258376051323,3.7959119499447616e-05,1.966214014754853e-05,17.343620562925935
960,1101,0.003690694019569511,0.0031183353258828115,3.754149725490732e-05,1.969437211376262e-05,17.361151977442205
961,1102,0.003680638871153967,0.0031097845301345938,3.738612892075874e-05,1.9699305181178592e-05,17.378767602145672
962,1104,0.003681169940751142,0.0031172635133759194,3.669685417910018e-05,1.969378855842207e-05,17.402450776658952
963,1105,0.0036886112932602447,0.003121101704936356,3.699028286026433e-05,1.9760675972124542e-05,17.4201157419011
964,1106,0.003703801493631068,0.0031320733134594316,3.728920280302829e-05,1.988361521413532e-05,17.43846425972879
965,1107,0.0037359865784703057,0.003161850431684299,3.767773332512383e-05,1.9735881353476837e-05,17.45604016352445
966,1108,0.0037573738950931372,0.0031860683069374987,3.770166206220057e-05,1.9428896753363303e-05,17.47364264447242
967,1109,0.003753045781230165,0.003186329534497931,3.758961828977585e-05,1.9082006383447564e-05,17.49119484052062
968,1110,0.0037544108089889927,0.003190788376639317,3.735284396331266e-05,1.9009399271654906e-05,17.508740100078285
969,1111,0.0037502718101198656,0.0031855041535597942,3.734413661790838e-05,1.913262903809879e-05,17.52623236551881
970,1112,0.003750266814296178,0.003180093772772366,3.752688682663229e-05,1.9490417325748955e-05,17.543798309750855
971,1113,0.003754184222464902,0.0031776576762001076,3.732557653507284e-05,2.0327078091406575e-05,17.56170684657991
972,1114,0.0037570465036235448,0.003174492834812804,3.7733119928564996e-05,2.052224695250906e-05,17.579268420115113
973,1115,0.0037563865647147338,0.0031774190686308518,3.755702400869979e-05,2.0339725599688413e-05,17.59688883461058
974,1116,0.003763339972635098,0.0031868183276300677,3.724023225233575e-05,2.0411932248167278e-05,17.6144158244133
975,1117,0.0037445702329410163,0.003171554630695232,3.657187128816676e-05,2.072968893641165e-05,17.631941850297153
976,1118,0.0036762838326603094,0.003133325394912028,3.5136899818665614e-05,1.91589439561625e-05,17.64955449849367
977,1120,0.0036434591212403124,0.0031136504088223574,3.4022817175844835e-05,1.8958054065950685e-05,17.67318047117442
978,1122,0.003618497427493914,0.003099412978342196,3.302756572792699e-05,1.888087918724482e-05,17.696845151484013
979,1124,0.003596803007721651,0.0030958437821327735,3.1539550515056146e-05,1.8556372043831577e-05,17.720978908240795
980,1125,0.003574319358249529,0.0030867906694443527,3.111929547635352e-05,1.76335734041641e-05,17.73849591612816
981,1126,0.0035309739228398538,0.0030674880447938532,2.9745091963302317e-05,1.660349584129772e-05,17.756065378896892
982,1127,0.003538634872611075,0.0030749809995319305,2.984246665078448e-05,1.6522920657129996e-05,17.7736106030643
983,1128,0.0035033959356264134,0.0030625372366111306,2.8405686818039843e-05,1.5680183083488476e-05,17.791140720248222
984,1129,0.003479384723921195,0.0030779015260235733,2.598462321956556e-05,1.4163696570196587e-05,17.80865043029189
985,1131,0.0034348844738844387,0.0030551998103914156,2.4210995364273223e-05,1.3757470985029074e-05,17.832267832010984
986,1132,0.003429785821457418,0.0030422661184751087,2.3566682331217377e-05,1.5185287967013554e-05,17.850619185715914
987,1133,0.0034093147247140046,0.0030366845773767332,2.2945856771184802e-05,1.4317157962542313e-05,17.86852544452995
988,1134,0.0034250662911473762,0.003050346860195336,2.322911424729579e-05,1.4242828847908205e-05,17.88620174769312
989,1135,0.0034523903362584933,0.0030686464874861118,2.3470840960204465e-05,1.4903543917033674e-05,17.90427568089217
990,1136,0.0034794301350771907,0.003073713867751222,2.509750465050706e-05,1.5474122082089793e-05,17.921822224743664
991,1137,0.0034856569611542354,0.0030775004609869434,2.5931847191325488e-05,1.4883802825403729e-05,17.939404607750475
992,1138,0.0034457512512583274,0.0030480774300651074,2.558618007521503e-05,1.4181202044106962e-05,17.95696410909295
993,1139,0.003417764004998612,0.003011706155393374,2.747080367250244e-05,1.313498128802141e-05,17.974466691724956
994,1140,0.003414838616037811,0.0030103140119080996,2.6906244411838448e-05,1.35462160011327e-05,17.992005286738276
995,1141,0.0034066355367392276,0.003002073601786894,2.6582351540575008e-05,1.3873841954658378e-05,18.0095995105803
996,1143,0.003412900224367248,0.003018705855558857,2.605983602189258e-05,1.3359600858946523e-05,18.033265832811594
997,1145,0.0034140230995266083,0.0030185591021799304,2.6294798521833142e-05,1.3251601212834638e-05,18.057044476270676
998,1146,0.003388806719173222,0.003002764027444269,2.585947441845786e-05,1.2744794754437464e-05,18.074592909775674
999,1147,0.0033749339240955493,0.0029909343446091296,2.576288364143025e-05,1.2637074307211701e-05,18.0928306709975
1000,1148,0.0033499218923981593,0.0029630481851201534,2.6381395593296724e-05,1.2305975134503852e-05,18.11096262652427
1001,1157,0.003339091233333827,0.0029310409178274267,2.8200050491165283e-05,1.2604981059474734e-05,18.172060510143638
1002,1158,0.0033307465118524557,0.0029286104232077994,2.7581331463223987e-05,1.263227740124167e-05,18.189074099063873
1003,1159,0.0033200459130451067,0.002928348173054946,2.697351014493852e-05,1.219626385407757e-05,18.206058797426522
1004,1160,0.00330314365116956,0.0029142786384051622,2.7111160934117797e-05,1.1775340342321959e-05,18.2230537654832
1005,1161,0.003273557759320473,0.002880642881917731,2.7111291027263776e-05,1.2180196713010408e-05,18.240481635555625
1006,1163,0.0032591103321870443,0.0028595099978417546,2.8214864447415455e-05,1.1745168987113535e-05,18.26320766005665
1007,1164,0.0032429987348884357,0.0028458853226170475,2.7567568271379693e-05,1.2143772955759112e-05,18.280458146706223
1008,1165,0.0032044203990806673,0.002788293711397052,2.7801830831955955e-05,1.3810837936405605e-05,18.298165448009968
1009,1166,0.003160946486924459,0.00272878536242916,2.7933655734841086e-05,1.528245671468882e-05,18.315379108302295
1010,1167,0.003120308207775192,0.002626921402307965,2.935675112424755e-05,1.9981929422475126e-05,18.332559504546225
1011,1168,0.0030484039319087883,0.0026197094948199667,2.8430947437456824e-05,1.443849627142533e-05,18.34985286090523
1012,1169,0.0029863178478357695,0.002494483919620901,3.437326111835333e-05,1.4810131703133529e-05,18.367114016786218
1013,1170,0.0029424050792450514,0.0025276097904508663,2.796061261268174e-05,1.3518916266736774e-05,18.384461428038776
1014,1171,0.0029050046565544554,0.002560840647352086,2.4232458290234437e-05,1.0183942630002497e-05,18.401839895173907
1015,1172,0.0028755770409046363,0.0025079640745113395,2.5997926687494293e-05,1.0763369951835364e-05,18.419161785393953
1016,1174,0.0028566574552498342,0.002472381571220528,2.675562498815918e-05,1.1671963414771433e-05,18.44247393682599
1017,1176,0.002838636188122917,0.0024602311849136814,2.6700084299899335e-05,1.1140416021024201e-05,18.466660587117076
1018,1177,0.0028113895592357285,0.00245422760027954,2.5073801057949224e-05,1.064239483766967e-05,18.484189435839653
1019,1178,0.0028002612308342728,0.0024614576107493025,2.4064216935588856e-05,9.81614507290819e-06,18.501745767891407
1020,1179,0.002791924876664727,0.002447456485811503,2.4717852320434632e-05,9.728986764887727e-06,18.519227294251323
1021,1180,0.0027871926278518993,0.002441896531770294,2.506764106832755e-05,9.46196853983299e-06,18.53671107441187
1022,1181,0.002780685052270774,0.0024287713380860194,2.5741960511759342e-05,9.449410906716105e-06,18.554230010136962
1023,1182,0.002775035452598854,0.0024174937605724077,2.6583427283556355e-05,9.170741919088296e-06,18.571765986271203
1024,1183,0.002768407853198865,0.002403628506422983,2.73694019105441e-05,9.108532767044116e-06,18.589398470707238
1025,1184,0.0027549343344022265,0.002386502121063338,2.76062041470294e-05,9.237017186859442e-06,18.606927091255784
1026,1185,0.002726842943062381,0.002352083677544704,2.8441209696491678e-05,9.034716855275996e-06,18.624510689638555
1027,1186,0.002686831927245688,0.0023021918793938384,2.847995910950834e-05,9.98404567567658e-06,18.642096812836826
1028,1187,0.0026554645122124415,0.0022806504661537926,2.7447523081197968e-05,1.0033881524666895e-05,18.659628780558705
1029,1188,0.0026444489111989017,0.0022647849176269576,2.7005353957371666e-05,1.0961045399822748e-05,18.67723193857819
1030,1189,0.0026148690478238145,0.002259364539436489,2.296199600179007e-05,1.2588454836942526e-05,18.694783459417522
1031,1190,0.0025922191369467935,0.0022704742813890537,2.2833242128542933e-05,9.341243427231047e-06,18.71233355719596
1032,1191,0.002580575887122463,0.002270866384237384,2.2022195833948142e-05,8.948754454559759e-06,18.73044454585761
1033,1192,0.0025740254596140185,0.0022722917854223336,2.0419593063644993e-05,9.753774355523511e-06,18.748058698140085
1034,1193,0.0025654736564381664,0.002276863096739711,1.978061707688065e-05,9.08043889296488e-06,18.765665214508772
1035,1194,0.002561469745869474,0.0022782045758382966,1.948318291360832e-05,8.843334089509451e-06,18.783261702395976
1036,1195,0.0025543372164771806,0.0022758958729435573,1.9139833805699203e-05,8.70430054766317e-06,18.800891725346446
1037,1196,0.0025479562323511094,0.002273931678895681,1.90108752557917e-05,8.391580089751162e-06,18.870041637681425
1038,1197,0.0025385363690936576,0.002264047745113199,1.876237226314499e-05,8.686490134900878e-06,18.898011272773147
1039,1198,0.0025303364253520286,0.0022584504947737497,1.886506016172778e-05,8.323532896100084e-06,18.915559687651694
1040,1199,0.0025228077559464415,0.0022518486774312256,1.8619343102123263e-05,8.476564749398357e-06,18.933157703839242
1041,1200,0.002518262432016859,0.0022448945460470963,1.8421465940456897e-05,8.915322656519409e-06,18.951218275353312
1042,1201,0.0025151363739223543,0.002241795868830582,1.8513140789582504e-05,8.820909719594696e-06,18.968806608580053
1043,1202,0.002507419661564657,0.002235026118159061,1.8635436886141288e-05,8.603917454418325e-06,18.987277921289206
1044,1203,0.0024863802455664277,0.0022121059088226046,1.922193782090984e-05,8.205495853472465e-06,19.004928798414767
1045,1204,0.002452552252728056,0.002170177731880432,2.0145823737757693e-05,8.091628347004723e-06,19.022509499453008
1046,1205,0.0024122691478301607,0.0021135355713554323,2.1855199670003496e-05,8.01815797746936e-06,19.040055888704956
1047,1206,0.002384244563168008,0.0020609393766670685,2.4127139758155764e-05,8.20337889193819e-06,19.057600216008723
1048,1207,0.00237051458409125,0.0019983505211862143,2.843387816494746e-05,8.78252812555612e-06,19.075212731026113
1049,1209,0.0023424319411537477,0.002000040447666866,2.563058725514167e-05,8.608562093546507e-06,19.10080375801772
1050,1211,0.002316162516567481,0.0019865838841285656,2.3853369033946817e-05,9.10449420994473e-06,19.12450445909053
1051,1213,0.002301401704780247,0.0019914983572513747,2.2077885950861097e-05,8.912448802026124e-06,19.148279565386474
1052,1214,0.0022801763498588403,0.0019722396963009242,2.210367081752662e-05,8.689994538264996e-06,19.165982452221215
1053,1215,0.002258698259192186,0.0019495683910008641,2.2960076871367928e-05,7.95290994776422e-06,19.18389906268567
1054,1216,0.0022422016187351635,0.0019245019266106507,2.3842894236580854e-05,7.927074975870417e-06,19.203568232245743
1055,1218,0.0022339416569330485,0.0019081533423801363,2.40848150952917e-05,8.494016359999544e-06,19.227974757552147
1056,1219,0.002223060344088829,0.001904564714774326,2.3076482956471724e-05,8.773079974978551e-06,19.24558380804956
1057,1220,0.002213190246596365,0.0018904904301546008,2.3698571337812793e-05,8.571410306363653e-06,19.263224470429122
1058,1221,0.002202426971773118,0.0018750422792632607,2.3898098825886247e-05,8.84037042509951e-06,19.28087634779513
1059,1222,0.0021976033336072918,0.0018593122495687625,2.514534517669395e-05,8.683763227158965e-06,19.29850022867322
1060,1223,0.002194603131951844,0.0018603346237656393,2.4822302441065112e-05,8.604548377555336e-06,19.316087338142097
1061,1224,0.002189302171959738,0.0018523035582714126,2.4115095983887835e-05,9.58476538494471e-06,19.333728682249784
1062,1225,0.002185810212262103,0.001861161184579215,2.374258294362941e-05,8.722319824659407e-06,19.351380743086338
1063,1226,0.00218034127920764,0.0018531654928866737,2.405136073653405e-05,8.666217895562536e-06,19.368955904617906
1064,1227,0.0021739810548025906,0.001854125239165793,2.3576645279844026e-05,8.408936283835743e-06,19.387126199901104
1065,1228,0.002169255923077502,0.0018510665798309608,2.3179829434573327e-05,8.639104890080833e-06,19.404852426610887
1066,1229,0.002161902624038611,0.0018448195919082049,2.312233089352071e-05,8.585972319519876e-06,19.422490037046373
1067,1230,0.0021515362050403344,0.0018291619394515378,2.372899789232005e-05,8.508428666559623e-06,19.440098548308015
1068,1231,0.0021417582270615763,0.001812425554792881,2.4811026229602803e-05,8.12224099726671e-06,19.457795946858823
1069,1232,0.0021342651990026353,0.001800538782966559,2.5670382366832092e-05,7.702259236775518e-06,19.475465232506394
1070,1233,0.0021272126503215677,0.0017792868020405004,2.6830041176971327e-05,7.96254365113543e-06,19.493036757223308
1071,1234,0.0021207058031306493,0.0017727991234346046,2.667546589610184e-05,8.115202073502633e-06,19.510583964176476
1072,1235,0.0021141815910059817,0.0017761142710545636,2.6046517379099576e-05,7.760214616042257e-06,19.52816953510046
1073,1236,0.0021090592915196816,0.0017728779833670522,2.5846454486925528e-05,7.771676328337412e-06,19.545730765908957
1074,1237,0.002103273005620277,0.0017596991059564157,2.63031128440725e-05,8.05427712231362e-06,19.563220977783203
1075,1238,0.002098766330001996,0.001748965178264932,2.7021155043402038e-05,7.958960130304359e-06,19.58082893677056
1076,1239,0.002094645380442396,0.0017417282828270607,2.731234406075175e-05,7.979365700781782e-06,19.598452996462584
1077,1240,0.0020882459971109796,0.0017280172864905725,2.8074717631018957e-05,7.948153431021776e-06,19.61600432358682
1078,1241,0.0020752105531191135,0.0017158412251685525,2.8218509533944368e-05,7.71842326111174e-06,19.634579617530107
1079,1242,0.0020545008008782894,0.001715132965455235,2.6754316690019323e-05,7.1824668522861115e-06,19.652068508788943
1080,1244,0.002038808922771188,0.0017072324926820294,2.6249817098769057e-05,6.907825910146812e-06,19.67572513408959
1081,1245,0.0020188315095597607,0.0017136919742502844,2.3879959711051335e-05,6.6339938198963125e-06,19.69324814621359
1082,1246,0.0020096031679618423,0.0017356292641660766,2.09908603299594e-05,6.406530049617176e-06,19.710808981209993
1083,1248,0.0019999086908143557,0.0017295137147899772,2.1100149139682986e-05,5.9393484627548705e-06,19.734419399872422
1084,1249,0.001991470866018099,0.0017185322243031824,2.0968194795949556e-05,6.325669375542136e-06,19.751991054043174
1085,1250,0.0019834669389647503,0.0017135665847257935,2.0582576758482818e-05,6.407458665412851e-06,19.769925038330257
1086,1251,0.0019719726111778802,0.001704308688588064,1.988060239836763e-05,6.885789860613995e-06,19.788120289333165
1087,1252,0.0019676042752967255,0.001705721277835694,1.9322750186460406e-05,6.86554955964275e-06,19.80574440024793
1088,1253,0.001964498656025898,0.0016978277549532534,1.971000105716257e-05,6.957089050101908e-06,19.823273348622024
1089,1254,0.0019617215216320744,0.0016998992021435499,1.9323974561311664e-05,6.858257387540766e-06,19.840814646333456
1090,1255,0.0019587311474605863,0.0016963246866928416,1.9281553589984164e-05,6.9590924867903055e-06,19.858327753841877
1091,1256,0.001955957659453643,0.0016925322233181188,1.9305578682271785e-05,7.03696493128064e-06,19.875856533646584
1092,1257,0.001953182863047598,0.0016847775766180783,1.960272877936012e-05,7.237799863591861e-06,19.89336221665144
1093,1258,0.001949017144741769,0.0016757914412130288,2.0046083667736673e-05,7.2764866851373485e-06,19.910994241014123
1094,1259,0.0019458741869407944,0.0016606464344429556,2.1060748224143574e-05,7.462027025640314e-06,19.929116109386086
1095,1260,0.0019424515970538456,0.0016556774890538425,2.113156583962616e-05,7.545844960374143e-06,19.94670056179166
1096,1261,0.0019409933829926517,0.0016513157616999013,2.1375287836562854e-05,7.592474292712187e-06,19.964321973733604
1097,1262,0.0019391825332209134,0.001643773298587961,2.179117578649469e-05,7.749747676800541e-06,19.982327128760517
1098,1263,0.0019382277106951436,0.0016416998992977592,2.1868228964177853e-05,7.784552175560596e-06,20.00002589263022
1099,1264,0.001936588205566349,0.0016416120019124658,2.1655105361043656e-05,7.842515004344658e-06,20.017592282034457
1100,1265,0.001934883553662429,0.0016414854840685338,2.1462423852155978e-05,7.877383107233541e-06,20.035143980756402
1101,1266,0.0019311883559896459,0.0016411231493928154,2.103789767712771e-05,7.968622982555346e-06,20.052711849100888
1102,1267,0.0019236986990632716,0.0016353314196901245,2.0693709509658426e-05,8.143018427656289e-06,20.070243787020445
1103,1268,0.0019156279200943094,0.0016197570880967396,2.091689409606452e-05,8.67018910369245e-06,20.087945526465774
1104,1269,0.0019023709477397784,0.0016029366002646111,2.1088262335433438e-05,8.855172412083283e-06,20.10592117253691
1105,1270,0.0018943968708694404,0.0015841942260458295,2.2114079861762316e-05,8.906184620598773e-06,20.123422959819436
1106,1271,0.0018911994859263695,0.0015625068823944186,2.2916985435357825e-05,9.952274917837277e-06,20.14148550387472
1107,1272,0.0018833904162458477,0.001552394895064922,2.360072186623728e-05,9.498830251855277e-06,20.15902138222009
1108,1273,0.0018801582058441486,0.0015544298799687179,2.326305593068358e-05,9.309776656859503e-06,20.17707408964634
1109,1274,0.0018775432865563366,0.001551571065877411,2.3299644206707735e-05,9.297577861184822e-06,20.194525020197034
1110,1275,0.0018733441359087555,0.0015395974251034678,2.3992017386445728e-05,9.382653694083041e-06,20.212054170668125
1111,1276,0.001869039865919202,0.0015317484819568825,2.4372538078976286e-05,9.356600317255656e-06,20.22969142254442
1112,1277,0.0018605740166094693,0.0015212605579052914,2.44629289690863e-05,9.46841690133149e-06,20.247190080583096
1113,1278,0.001856358893853269,0.0015208233115708574,2.4217024556507935e-05,9.336533671733212e-06,20.26476655807346
1114,1279,0.0018504054545340342,0.0015267634721630678,2.284931816266679e-05,9.514880074429854e-06,20.28277696017176
1115,1280,0.0018449264725875778,0.001518994870980324,2.2902104955295535e-05,9.691055205429843e-06,20.300412613898516
1116,1281,0.0018359590319095363,0.0015118941871024641,2.2687067209897727e-05,9.719417270809497e-06,20.318010724149644
1117,1282,0.0018231117208503842,0.0015058263742448808,2.2526975745114183e-05,9.201558915436164e-06,20.335591883398592
1118,1283,0.0018120655526181757,0.0014889043999212347,2.3272816201807245e-05,9.043299067886854e-06,20.353282650001347
1119,1284,0.0017978386141348833,0.0014837956497077752,2.2735110771793202e-05,8.669185670917603e-06,20.370883678086102
1120,1285,0.0017815388969265702,0.0014837633840661705,2.1971327286614758e-05,7.806223999425212e-06,20.388600752688944
1121,1286,0.0017718752779450461,0.001481018425671933,2.1469188460793345e-05,7.616496766517974e-06,20.40624923724681
1122,1288,0.0017650009192678306,0.0014863844165628167,2.0599732386634185e-05,7.261917883867206e-06,20.430042289197445
1123,1289,0.0017583058792141036,0.0014896630656307584,1.9507979824584724e-05,7.356301533749809e-06,20.447549114003778
1124,1290,0.0017512442244517425,0.001488651804312597,1.8789775371056446e-05,7.469466642858109e-06,20.465054346248507
1125,1291,0.0017405052239081167,0.001479458999338351,1.7904594948600114e-05,8.20002750837647e-06,20.48273889813572
1126,1293,0.00173351065203184,0.0014749540706676572,1.795634176045311e-05,7.899316375965184e-06,20.506767485290766
1127,1294,0.0017278686345336637,0.0014722654082639903,1.7447705087941565e-05,8.112617539025776e-06,20.52433231752366
1128,1295,0.0017171369722898324,0.0014510634537126064,1.8448698485201004e-05,8.158653372521589e-06,20.541864788159728
1129,1296,0.0017085774190077649,0.0014354236269388222,1.921734602981688e-05,8.098033177077389e-06,20.55980011727661
1130,1297,0.0016950665894771557,0.0014016332222684122,2.0894644363594844e-05,8.44869235727949e-06,20.577334196306765
1131,1298,0.001691408269361766,0.0013900849584464862,2.1816997465208587e-05,8.315333626319389e-06,20.594879895448685
1132,1299,0.0016825312890719616,0.0013879780642787358,2.12775817900465e-05,8.17774068927609e-06,20.612457134760916
1133,1300,0.001678836517465378,0.0013862269787463287,2.088100900844898e-05,8.379944863455942e-06,20.630875227041543
1134,1301,0.0016749977471308486,0.0013782496173169474,2.1298090940859367e-05,8.376722040530771e-06,20.64842690434307
1135,1302,0.0016715124885072108,0.0013793950942233664,2.106621023202625e-05,8.145529196358213e-06,20.6659986525774
1136,1303,0.0016687101321484477,0.0013743477778959672,2.108014133059241e-05,8.35609409465564e-06,20.683652634732425
1137,1304,0.0016669187621433993,0.0013666442220468188,2.1458581418977613e-05,8.568872590680423e-06,20.70121186412871
1138,1305,0.0016658395888607149,0.001364241593340409,2.156109399471597e-05,8.598705557314608e-06,20.718772700056434
1139,1306,0.0016650673220361704,0.0013629801225485912,2.160844558951003e-05,8.600274359247883e-06,20.736281959339976
1140,1307,0.0016638996093741583,0.0013618889379731147,2.168710169759528e-05,8.513965442509078e-06,20.754463366232812
1141,1308,0.0016622325372618143,0.0013603920641720808,2.1822509702660065e-05,8.36153760631329e-06,20.771869969554245
1142,1309,0.0016607446239577522,0.0013606485800617988,2.1936165396499093e-05,8.07343899309624e-06,20.789437962695956
1143,1310,0.0016595509702560921,0.0013608883632203008,2.176925708931134e-05,8.097003614267782e-06,20.807514272630215
1144,1311,0.0016577394433795719,0.0013660752071933079,2.1176429160803258e-05,7.98999445782314e-06,20.824968298897147
1145,1312,0.0016558578073381147,0.0013682751385277387,2.0722186156361894e-05,8.036080724675702e-06,20.84248766489327
1146,1313,0.0016531773005829024,0.0013704968931156868,2.022834859355248e-05,8.039692153169078e-06,20.860505527816713
1147,1314,0.0016492627583757143,0.0013695700781504545,1.9874108928939006e-05,8.095159093586983e-06,20.878030873835087
1148,1315,0.001643849856137326,0.0013636851627779076,1.9819693503344938e-05,8.196775832596896e-06,20.89653543010354
1149,1316,0.0016353301760435263,0.001349301111843729,2.0160457512183534e-05,8.442448907796194e-06,20.914580792188644
1150,1317,0.0016267984490577246,0.0013388033463430432,2.0076596985534194e-05,8.72291328593395e-06,20.932136684656143
1151,1318,0.0016162257706606262,0.0013258940922247636,2.0055112567882198e-05,8.978055275704062e-06,20.949773808009923
1152,1319,0.0016110233964226942,0.0013200790396507521,1.976232407978268e-05,9.332111597411518e-06,20.967281703837216
1153,1321,0.001607608959276862,0.0013225973646253531,1.917885970343336e-05,9.322299761717506e-06,20.991430855356157
1154,1322,0.0016044623743845829,0.0013198057826825644,1.933069740660244e-05,9.1349617635994e-06,21.009099988266826
1155,1323,0.0015989913644507896,0.0013137602759883934,1.9479606321625083e-05,9.04350252461453e-06,21.026637656614184
1156,1324,0.0015901235938071633,0.001300322883389247,1.9831558107118877e-05,9.148512934672763e-06,21.044161238707602
1157,1325,0.0015836369616030487,0.0012922149041632869,2.0123892528281863e-05,9.018313215694325e-06,21.061841142363846
1158,1326,0.0015762336318934774,0.0012789385659812693,2.0713716742980366e-05,9.015789848240466e-06,21.07937461975962
1159,1328,0.0015715871994758715,0.0012720824657508104,2.0818457176598194e-05,9.13201619590791e-06,21.103214823640883
1160,1330,0.0015692054969454416,0.0012710297358402573,2.06050312735084e-05,9.212544837010016e-06,21.127308540046215
1161,1331,0.0015665438921156902,0.0012667324891249894,2.0621393468294802e-05,9.359746830775284e-06,21.144845452159643
1162,1332,0.0015638730596881196,0.0012623061012349565,2.0726177418069403e-05,9.4305184272469e-06,21.16236486285925
1163,1333,0.001560705231710962,0.0012603059119387688,2.0604245886625925e-05,9.435686090593379e-06,21.180368489585817
1164,1334,0.001558491101935085,0.0012608281517379014,2.0526808394469742e-05,9.239486625248605e-06,21.197787494398654
1165,1335,0.0015565867086960114,0.001261643894497809,2.044799863375683e-05,9.046282786063417e-06,21.215324546210468
1166,1336,0.0015539903252926217,0.0012631474495365463,2.0313495354049378e-05,8.770792221558177e-06,21.232850320637226
1167,1337,0.0015517023739502044,0.0012610269975975434,2.0222301546545265e-05,8.84523608872084e-06,21.25044554285705
1168,1338,0.001548610734236266,0.0012555194728201074,2.0126081009499585e-05,9.183045132116282e-06,21.267999464645982
1169,1339,0.0015469762428787525,0.0012432350120768086,2.0620404654620944e-05,9.753718425573444e-06,21.285690823569894
1170,1340,0.001544370838940708,0.0012408877716960805,2.0271826527720343e-05,1.0076480196742412e-05,21.30326221883297
1171,1342,0.0015432725652503106,0.0012417591123202853,2.0048037370060363e-05,1.0103307922942171e-05,21.32694951351732
1172,1343,0.0015411918156026069,0.0012434921491258325,1.9742599841861517e-05,1.0027366805815931e-05,21.344562106765807
1173,1344,0.0015397488000995563,0.0012446756618370038,1.942635516751306e-05,1.0080958658742201e-05,21.362096145749092
1174,1345,0.001538264796063424,0.0012427966334475037,1.9347658477798678e-05,1.0199157783793359e-05,21.379628361202776
1175,1346,0.001535329489306455,0.0012430418542425986,1.8956571280306145e-05,1.0272192226079497e-05,21.397893922403455
1176,1347,0.0015324337926142567,0.0012443402539142326,1.8536831181626334e-05,1.0272522688376079e-05,21.415410785004497
1177,1348,0.0015288157613462265,0.0012501030033697175,1.7850541175914594e-05,1.0020734621736298e-05,21.43296859972179
1178,1349,0.0015261098082089506,0.001258173444948096,1.7105053725381992e-05,9.688582600703486e-06,21.451045155525208
1179,1350,0.0015204843264468425,0.0012498794030016667,1.7434478090643957e-05,9.62601425387361e-06,21.468422021716833
1180,1351,0.0015150190572872815,0.0012427360154866922,1.7460848495976468e-05,9.767455684082471e-06,21.486106695607305
1181,1352,0.0015073391084965365,0.0012302548305453,1.769353216198498e-05,1.001489563313869e-05,21.503675183281302
1182,1354,0.0015036703003581068,0.0012289183362695578,1.7328836734519624e-05,1.0146359674335256e-05,21.527881796471775
1183,1355,0.0014990259106914888,0.0012257063793428722,1.7314082042391693e-05,1.0017871092469962e-05,21.545398364774883
1184,1356,0.0014917263924666458,0.0012150168368172955,1.785661151340836e-05,9.814344051526653e-06,21.562948929145932
1185,1357,0.0014872038571579922,0.0012117462905088595,1.771617237919677e-05,9.829584285716503e-06,21.580435262061656
1186,1358,0.0014825420202779532,0.0011998818979569847,1.8353640047899e-05,9.912372184197848e-06,21.598062622360885
1187,1359,0.0014792737788900919,0.0011869336396238743,1.943553371136735e-05,9.798480215254396e-06,21.61558344401419
1188,1361,0.0014770431881872804,0.0011833674561915909,1.9570728289424865e-05,9.79684491014409e-06,21.639351500198245
1189,1362,0.0014741797597892941,0.0011873550577378568,1.891719678084685e-05,9.765273424296891e-06,21.656954117119312
1190,1363,0.0014708303673988648,0.001187845778592266,1.8705639345823175e-05,9.592819534836694e-06,21.674469551071525
1191,1364,0.001467649443699071,0.001181538330653508,1.892736909106817e-05,9.683742213488132e-06,21.69211422652006
1192,1365,0.0014651805213998729,0.0011757101183550505,1.928522493610872e-05,9.661815368373515e-06,21.70975333172828
1193,1366,0.001463597757620505,0.0011670357406458178,2.0147760861219015e-05,9.508440836249708e-06,21.727300531230867
1194,1367,0.0014621480800670133,0.0011687045087881323,1.997427044941048e-05,9.3700866784776e-06,21.74485618341714
1195,1368,0.0014606323381670069,0.0011693784256680646,1.9835005403069308e-05,9.29038584682493e-06,21.762402954511344
1196,1369,0.0014593065871864603,0.0011723528598515875,1.9493638813559113e-05,9.20173391992818e-06,21.78045950550586
1197,1370,0.0014578770081312609,0.001170156517790421,1.9609684643291487e-05,9.162364390792491e-06,21.797913052141666
1198,1371,0.0014554342922640476,0.0011680567511524796,1.9695013097407667e-05,9.042741013749143e-06,21.815420205704868
1199,1372,0.0014543453271986385,0.001167592126998503,1.9604191251895604e-05,9.071128768117944e-06,21.833552960306406
1200,1373,0.001453387406991434,0.0011673683423465767,1.966188307289193e-05,8.94002339159381e-06,21.851569783873856
1201,1374,0.0014522753222371483,0.0011683066330274792,1.9610546523781743e-05,8.786322397185151e-06,21.869129894301295
1202,1375,0.0014503626949142186,0.0011692240199987199,1.959554653192131e-05,8.518320959628567e-06,21.88681152369827
1203,1376,0.001447493408740946,0.0011716008028727163,1.9488338820429403e-05,8.100921766393567e-06,21.904415586031973
1204,1377,0.0014436468800649882,0.001169446495041061,1.9511222963517746e-05,7.908815538874957e-06,21.921958171762526
1205,1378,0.0014316293027189534,0.0011587963223194313,1.9700425565151885e-05,7.582872474800329e-06,21.940083402208984
1206,1379,0.0014190030141026687,0.0011443967004059635,2.0050974726028437e-05,7.409656643642073e-06,21.957774949260056
1207,1381,0.001412158820709882,0.0011331384316614684,2.0801051878104426e-05,7.1009870267369335e-06,21.98142031673342
1208,1383,0.0014068684881700837,0.0011264199607215102,2.089532452925974e-05,7.149528215597608e-06,22.006298031657934
1209,1385,0.0014029131569348607,0.0011213428791479435,2.1238169478391335e-05,6.918858300300401e-06,22.029979271814227
1210,1387,0.0013995837114554872,0.0011240350343673102,2.0703709704388236e-05,6.851158004429485e-06,22.053610989823937
1211,1388,0.001397634895697179,0.001119228835002133,2.0713378683676247e-05,7.1272273858283566e-06,22.071143377572298
1212,1389,0.0013939753152398119,0.0011212557963406523,2.0555469027352756e-05,6.7164828625632e-06,22.088860783725977
1213,1390,0.0013903579047313415,0.0011198388027473295,2.0602263143195205e-05,6.449647055206008e-06,22.106441773474216
1214,1391,0.0013833204408807626,0.001114316617282347,2.0324746494961217e-05,6.5756358648803475e-06,22.123995478264987
1215,1392,0.0013761417557297969,0.0011126416604774207,1.9713953189620214e-05,6.636056335617404e-06,22.14214949030429
1216,1393,0.0013697341703361667,0.0011101077000882276,1.9003891977249353e-05,6.958755047544573e-06,22.159766474738717
1217,1394,0.001364426702612377,0.0011115738306987863,1.80237502727585e-05,7.2615369186005795e-06,22.17730913683772
1218,1396,0.0013585260134263114,0.0011125851093269146,1.7543170571102572e-05,7.050919838837095e-06,22.201017473824322
1219,1397,0.0013510139207192926,0.0011100767015901022,1.7525462820559437e-05,6.568259092359596e-06,22.21854825038463
1220,1398,0.0013460569166709284,0.0011127505464239367,1.714360455854048e-05,6.187032466158701e-06,22.236147173680365
1221,1399,0.001344398869473358,0.0011044041579185387,1.780735199213195e-05,6.19211916334999e-06,22.25368373002857
1222,1400,0.0013329050289210384,0.0010955051339013439,1.723820253526382e-05,6.501786966705631e-06,22.271212654188275
1223,1402,0.0013303450604589412,0.0010927653621506978,1.7226928072910827e-05,6.531041757913526e-06,22.295023053884506
1224,1403,0.0013283827872500216,0.0010869781467749923,1.730888213876564e-05,6.831581908737294e-06,22.31252635922283
1225,1404,0.001323919408242745,0.0010848524577119739,1.7230722063102424e-05,6.675972989974667e-06,22.33060930110514
1226,1405,0.0013217954200229704,0.0010825156770695866,1.7348920149823693e-05,6.579054145514677e-06,22.348128136247396
1227,1406,0.0013192714325697499,0.0010809890809840442,1.7412730059142235e-05,6.415505099428333e-06,22.366140420548618
1228,1407,0.0013162056684913996,0.0010792997202777753,1.76177628346003e-05,6.072831986762127e-06,22.384102940559387
1229,1408,0.0013152881810860697,0.001078819456869382,1.756632804309034e-05,6.0805443785784484e-06,22.40162502322346
1230,1409,0.0013146259711691994,0.0010771054172265281,1.7625894736228878e-05,6.126160658038239e-06,22.419170839712024
1231,1410,0.0013131413382562326,0.0010740958275499196,1.7542155228260475e-05,6.362395842370834e-06,22.436705180443823
1232,1411,0.001312033601726176,0.0010695091000063421,1.7671522915239535e-05,6.580927256743843e-06,22.454625947400928
1233,1412,0.0013108943129861799,0.001068295541181993,1.7632235216550894e-05,6.627641963867794e-06,22.472235194407403
1234,1413,0.0013096701680064388,0.0010691147775390539,1.7357352226616373e-05,6.698186820122131e-06,22.48994042724371
1235,1414,0.001308397303509223,0.001066269068136388,1.7481007835862134e-05,6.7318157014213665e-06,22.508559305220842
1236,1415,0.0013059927155680585,0.0010598122170984042,1.778714894500426e-05,6.830900901961168e-06,22.526130629703403
1237,1416,0.001304611749962215,0.0010543375707065016,1.811560180009754e-05,6.911816125473806e-06,22.543721625581384
1238,1417,0.0013035286926423536,0.001049418044371868,1.841689648047071e-05,6.994168346577855e-06,22.561292389407754
1239,1418,0.0013034239362735795,0.0010466009548889162,1.8585043634082678e-05,7.097254504383663e-06,22.57886295951903
1240,1419,0.0013026817864554726,0.0010463166773419191,1.854507994764835e-05,7.091430963706997e-06,22.597278048284352
1241,1420,0.0013023994251154288,0.001046404596824989,1.8552416425177542e-05,7.0470664038664385e-06,22.614902732893825
1242,1421,0.001301831689925264,0.0010450738060615416,1.864405722969277e-05,7.0317311566794855e-06,22.632431330159307
1243,1422,0.0013011090417889806,0.0010429804647099448,1.8806504896740626e-05,7.006352811162964e-06,22.64995590224862
1244,1423,0.001299945197845781,0.001039002510404375,1.9066324382321304e-05,7.02794436181929e-06,22.667478635907173
1245,1424,0.0012985558782851912,0.001034970873554998,1.9299837694214636e-05,7.058662778804682e-06,22.685188450850546
1246,1425,0.0012964804730310026,0.0010300501385417718,1.952878237091453e-05,7.114251078008558e-06,22.702742667868733
1247,1426,0.001294087345825098,0.001025471514108003,1.9650310582531044e-05,7.2112725891784574e-06,22.720237561501563
1248,1427,0.0012919314828020011,0.0010214326849614273,1.9769807380002908e-05,7.280072404054479e-06,22.73779928404838
1249,1428,0.0012899871113247674,0.0010227580349836149,1.941305670953489e-05,7.309850924580353e-06,22.755313826724887
1250,1429,0.0012879926182402996,0.0010242378978568504,1.9135274029349195e-05,7.240198008995724e-06,22.77283836901188
1251,1430,0.0012838037438823472,0.0010282454826052718,1.83990840258602e-05,7.156742101847347e-06,22.790625160560012
1252,1431,0.001281709115312786,0.0010305504984644588,1.8135587789232795e-05,6.980273895599913e-06,22.808253672905266
1253,1432,0.001278437802512016,0.0010271772207439878,1.8129993070049098e-05,6.996065106753703e-06,22.82582718040794
1254,1433,0.0012746943661910788,0.0010215242698252017,1.8324311348210417e-05,6.992698288377296e-06,22.843344963155687
1255,1434,0.001271274446534162,0.0010148343350153183,1.8741264806978742e-05,6.902746344905651e-06,22.860969288274646
1256,1435,0.0012674897741602458,0.0010089767340568721,1.8966184668432087e-05,6.885119341905278e-06,22.8785262061283
1257,1436,0.0012632561342588904,0.0010003722411494834,1.95385566489711e-05,6.749832661969604e-06,22.896457992494106
1258,1437,0.001256880468179486,0.000996444073481764,1.9439341218139343e-05,6.60429825163285e-06,22.914365383796394
1259,1438,0.0012495046699129598,0.0009894828665440926,1.946632570445543e-05,6.535854632431274e-06,22.93194697704166
1260,1439,0.0012444846425336859,0.0009837213654609925,1.9764907706679297e-05,6.31142000059005e-06,22.95046413037926
1261,1440,0.0012366916141627502,0.0009748562152716735,1.999826584059996e-05,6.185274048507707e-06,22.968127648346126
1262,1441,0.0012300111632289783,0.0009632071235750137,2.0692724092386742e-05,5.987679873009719e-06,22.985866426490247
1263,1442,0.0012254168753693365,0.0009578753421640924,2.1076201645869588e-05,5.677951674654815e-06,23.003494042903185
1264,1443,0.0012220765902833833,0.0009556155853541493,2.1048505507919838e-05,5.597594985003549e-06,23.02104276791215
1265,1444,0.001221625493995588,0.0009545866496214215,2.120565088131256e-05,5.498233556104078e-06,23.038600141182542
1266,1445,0.0012197679577907578,0.0009611915660594326,2.057973131693209e-05,5.27790785620042e-06,23.056125158444047
1267,1446,0.0012187153313066579,0.0009582698838058579,2.063185825381622e-05,5.41268649626378e-06,23.073693953454494
1268,1447,0.0012179158214473064,0.0009588462388116989,2.0524821392508188e-05,5.382136871052556e-06,23.091362460516393
1269,1448,0.0012159868907973294,0.0009584806894985818,2.036716122275492e-05,5.383458907119859e-06,23.109490502625704
1270,1449,0.0012108537575614775,0.0009599976666193389,1.9678314185044738e-05,5.407294909169123e-06,23.12800300307572
1271,1450,0.001207148291562766,0.000959523176262953,1.92939841255222e-05,5.4685274044591055e-06,23.14570846501738
1272,1451,0.0012036585475749062,0.0009534996437936711,1.9404068410257e-05,5.611821967866504e-06,23.16325574927032
1273,1452,0.0011999992104428027,0.00094767733263583,1.9430872817976462e-05,5.801314962720815e-06,23.180811899714172
1274,1454,0.0011966038992590677,0.0009438438373611158,1.9603389323394875e-05,5.672616866400311e-06,23.204440065659583
1275,1455,0.001191886304720117,0.0009302221100268638,2.0060066384724386e-05,6.10635308460093e-06,23.22200446855277
1276,1457,0.00118825370698097,0.0009170626423110827,2.0436591323402196e-05,6.682515143586537e-06,23.245563972741365
1277,1458,0.0011841329930616705,0.0009157763750055086,1.989767535440569e-05,6.937986451210497e-06,23.263182615861297
1278,1459,0.0011809616356984673,0.0009112482066644626,1.9544697947603664e-05,7.4266449557967995e-06,23.280751234851778
1279,1460,0.0011770617811198948,0.0009093751128558789,1.940227003539461e-05,7.366396791006983e-06,23.29835214931518
1280,1461,0.0011738897846614528,0.0009118444082521219,1.9166775005929328e-05,7.037762635003755e-06,23.31590906251222
1281,1462,0.0011701776053552133,0.0009049930145140735,1.9732809679575712e-05,6.785649404538264e-06,23.333416768349707
1282,1463,0.0011665724928374753,0.0008947593702216873,2.0157670590089673e-05,7.023641671489129e-06,23.350944811478257
1283,1464,0.0011629982379806674,0.0008818111582976586,2.0928504598888725e-05,7.1902033694121595e-06,23.368510210886598
1284,1465,0.0011606143248445691,0.0008752234324043857,2.1616328064956665e-05,6.922761179061682e-06,23.386244423687458
1285,1466,0.001158241724939214,0.0008633462187547301,2.246767733541974e-05,7.021873283028655e-06,23.403848743997514
1286,1467,0.001157060288592079,0.000863202018399335,2.232860375213114e-05,7.057223267143255e-06,23.421398086473346
1287,1468,0.0011543142152480909,0.0008642873651990065,2.1989428604966902e-05,7.0132563999415315e-06,23.43906022887677
1288,1469,0.001152266637188453,0.0008599933947559737,2.205976503163817e-05,7.167559211609754e-06,23.45655605662614
1289,1470,0.0011496613246298687,0.0008521600453480511,2.2295684032910818e-05,7.454443895270954e-06,23.47412578202784
1290,1471,0.0011480955924743446,0.0008475566006541224,2.254251623148386e-05,7.511382950538348e-06,23.491821818053722
1291,1472,0.0011460117792887721,0.0008428328923884681,2.2828378811165178e-05,7.489509878865225e-06,23.50944813899696
1292,1473,0.0011416530092187764,0.0008321862438907291,2.3754867190667003e-05,7.1918093421377315e-06,23.527001483365893
1293,1474,0.0011362974483627465,0.0008294515891917273,2.3501158945942902e-05,7.183426971159024e-06,23.544544040225446
1294,1475,0.0011316221412641997,0.0008280482231337466,2.2827109139944027e-05,7.530282673101278e-06,23.562174322083592
1295,1476,0.0011227483616038628,0.0008252551431798627,2.196727615304415e-05,7.782045689355857e-06,23.57969704642892
1296,1477,0.001117518038080832,0.0008067615953764896,2.2298876893222147e-05,8.776767377212101e-06,23.597275000065565
1297,1478,0.0011096530860466218,0.0007863239424628226,2.2687819257884556e-05,9.645095100495355e-06,23.61483033746481
1298,1479,0.0011010663876388728,0.0007847203043433846,2.209534272069258e-05,9.539265608856228e-06,23.632371756248176
1299,1480,0.001093845633198951,0.0007883121280137195,2.1673011414144184e-05,8.880339104378966e-06,23.64992288313806
1300,1481,0.001086885322941529,0.0007892688777745716,2.1518381795284535e-05,8.24326272141122e-06,23.667706282809377
1301,1482,0.0010813693752431638,0.0007848942260222347,2.1292816828539386e-05,8.354698093553523e-06,23.685416215099394
1302,1483,0.0010792737295921729,0.000790650472974229,2.078951251409928e-05,8.0728131476951e-06,23.702896484173834
1303,1484,0.001077376013531093,0.000785088261741022,2.0666834282485264e-05,8.561940896521838e-06,23.720921207219362
1304,1485,0.001074650782351903,0.0007817504937804741,2.1245157108060977e-05,8.044871749081919e-06,23.73922051116824
1305,1486,0.0010687752509154717,0.0007757164300094047,2.0878804589027164e-05,8.427077501579541e-06,23.756705693900585
1306,1487,0.001066570939388805,0.0007810929403958302,2.059269866535187e-05,7.955101233945613e-06,23.774176262319088
1307,1488,0.0010646515471190742,0.0007769489823671266,2.0678086018560643e-05,8.09217045663412e-06,23.79186799749732
1308,1489,0.0010622661835786485,0.0007707917960463632,2.088482344922525e-05,8.262615304003278e-06,23.80942092742771
1309,1490,0.001059730478336786,0.00076696645262505,2.0885213786071603e-05,8.391188785101997e-06,23.826930458657444
1310,1491,0.0010573166622947316,0.000765925773124548,2.0672154208034937e-05,8.46693470898342e-06,23.84442496486008
1311,1492,0.0010552466351464037,0.0007660987148615688,2.04454926816132e-05,8.46929934687029e-06,23.862501692026854
1312,1493,0.0010533448856492604,0.0007673276884415946,1.991153282455075e-05,8.690186896215838e-06,23.880017370916903
1313,1494,0.0010518117165639685,0.000770658651068116,1.9503927697707675e-05,8.61137885187759e-06,23.897504584863782
1314,1495,0.0010501077540571134,0.0007687448820708513,1.940080428752952e-05,8.735482911096689e-06,23.91542810946703
1315,1496,0.0010477284489943531,0.0007655181374343832,1.946604914121233e-05,8.75498201478467e-06,23.933567870408297
1316,1497,0.001045306905453676,0.0007630930389805493,1.950903303728133e-05,8.712353610031326e-06,23.951042466796935
1317,1498,0.001040814082662029,0.0007597875751676015,1.9633388441535976e-05,8.46926230790678e-06,23.968568531796336
1318,1499,0.0010358479491946076,0.0007576360197005623,1.9482819782126633e-05,8.3383731672779e-06,23.98612117022276
1319,1500,0.0010315968013026424,0.000753031463781232,1.960656329747817e-05,8.249970454662868e-06,24.003654065541923
1320,1502,0.0010286642823150087,0.0007525757441162006,1.9418276544799616e-05,8.190577275081188e-06,24.027219941839576
1321,1503,0.0010252713241593592,0.0007557162194153185,1.8453296483333182e-05,8.50221399107088e-06,24.044675355777144
1322,1504,0.0010213727483740285,0.0007559650100011262,1.8203123595850255e-05,8.33765024143998e-06,24.062192655168474
1323,1505,0.0010160996536475655,0.0007581141438581102,1.7599635203807138e-05,8.198915775138398e-06,24.079674622043967
1324,1506,0.0010127593125343294,0.0007578814364753826,1.7012560717294677e-05,8.4752268886e-06,24.09721092041582
1325,1507,0.0010108250449725638,0.0007551182599982051,1.705333777280578e-05,8.517340724630091e-06,24.114775044843554
1326,1508,0.0010079307829747542,0.0007534200754960406,1.706495652494069e-05,8.386114222930663e-06,24.132252206094563
1327,1509,0.0010074776121841694,0.0007496645927083858,1.7047177366069336e-05,8.734124581509014e-06,24.149785162881017
1328,1510,0.001004344343894816,0.000750373496357046,1.6865996008987057e-05,8.531088744789932e-06,24.168156061321497
1329,1511,0.0010022374785253138,0.0007496157363084994,1.6506165336111685e-05,8.756008885569747e-06,24.18574151303619
1330,1512,0.0009990522045562153,0.0007480129989323231,1.644605593856634e-05,8.657864623822871e-06,24.203296755440533
1331,1513,0.0009940323418093598,0.0007472966198155314,1.5620028974235666e-05,9.053543225147165e-06,24.220752995461226
1332,1514,0.000988863571474969,0.0007465946720633064,1.5355566160472495e-05,8.871323780693771e-06,24.238200414925814
1333,1515,0.0009833450722460503,0.0007459630521661896,1.5080747985988892e-05,8.657454021997179e-06,24.255673428997397
1334,1517,0.0009814269608554812,0.0007478521999992091,1.4662475641828308e-05,8.695000443798895e-06,24.279229707084596
1335,1518,0.0009744003285883794,0.0007558067477562713,1.3568719315906028e-05,8.290638767304782e-06,24.297536173835397
1336,1519,0.0009707290183899426,0.0007535200249044337,1.3406972661785407e-05,8.313926686765482e-06,24.315116650424898
1337,1520,0.0009681798581795129,0.0007442006185144152,1.4770244269686552e-05,7.627679696823207e-06,24.33248791936785
1338,1522,0.0009646115643630738,0.0007426874236750753,1.4339236642959734e-05,7.85317742584011e-06,24.35625433549285
1339,1523,0.0009629322796155084,0.000744966107886625,1.3751286664843568e-05,8.04533050804477e-06,24.373822468332946
1340,1524,0.0009598566404060164,0.0007424478339215255,1.3949128407272084e-05,7.791752241177001e-06,24.39147716574371
1341,1525,0.0009554781627687261,0.0007323785249101354,1.451231531949374e-05,7.797648466365329e-06,24.40903480257839
1342,1526,0.0009529099003360322,0.0007292672660877269,1.4901506179652303e-05,7.462757245178237e-06,24.42707773577422
1343,1527,0.0009510649723390009,0.0007280684087826374,1.4869869227973326e-05,7.429787127663026e-06,24.44479465391487
1344,1528,0.000949780230330097,0.000726715169848411,1.4871342662760084e-05,7.435163385408517e-06,24.462324859574437
1345,1529,0.000948510396204762,0.0007277263705349188,1.4445590032960112e-05,7.632812534024212e-06,24.479840823449194
1346,1530,0.0009468250512897697,0.0007294882778578652,1.4537837534353572e-05,7.195839808836877e-06,24.49742670264095
1347,1531,0.0009451859779188454,0.0007270552144042729,1.4491700244982752e-05,7.321376106474497e-06,24.515013265423477
1348,1532,0.0009434419439857972,0.0007261036585841287,1.4423551350845927e-05,7.310277189320936e-06,24.53253259602934
1349,1533,0.0009423493429931843,0.0007236367091298929,1.4441387895380771e-05,7.4298754909483665e-06,24.550066055729985
1350,1534,0.000940664013077363,0.0007216384237600879,1.4566638415970936e-05,7.335920515756563e-06,24.567565148696303
1351,1535,0.0009382936584404079,0.0007195092456260792,1.4671408135784655e-05,7.207033145648216e-06,24.585206453688443
1352,1536,0.0009358277543082933,0.000716531062279459,1.4833194045794597e-05,7.096475157088827e-06,24.602806290611625
1353,1537,0.0009313654430016915,0.0007118307957017519,1.5167990304385622e-05,6.785474425608345e-06,24.620321314781904
1354,1538,0.0009276643896819501,0.0007078838166799196,1.5268239241436846e-05,6.709818058766204e-06,24.637791451066732
1355,1540,0.0009257322116468181,0.000706245255438574,1.5426524123688746e-05,6.522171497135661e-06,24.66146992240101
1356,1541,0.0009228342367817082,0.0007003762224006597,1.576155926039167e-05,6.4842421777131735e-06,24.67897573299706
1357,1542,0.0009190951044242091,0.0007020587785552063,1.5328123706435808e-05,6.375508880464471e-06,24.69663790985942
1358,1543,0.0009156425044132089,0.0007075030435594751,1.4932565923073071e-05,5.881380162300315e-06,24.714600996114314
1359,1544,0.0009147628423621424,0.0007073362217565423,1.4837603326764279e-05,5.905058733795745e-06,24.73212375678122
1360,1545,0.0009122905288609383,0.0007047428617200257,1.4620435228319493e-05,6.1343314857717584e-06,24.74963130429387
1361,1546,0.0009105312648636153,0.0007028565455127091,1.4728439557786505e-05,6.039032377304118e-06,24.767184666357934
1362,1547,0.0009094371613153876,0.0007021045920418274,1.4537277172004085e-05,6.195979755351926e-06,24.784703070297837
1363,1548,0.000907599514559772,0.0007020145221026425,1.4300612653913548e-05,6.257886591799403e-06,24.802281079813838
1364,1549,0.0009061031091566065,0.0007008257146400138,1.4244113824968173e-05,6.28362562669109e-06,24.81978544406593
1365,1550,0.0009046846997494288,0.0007019176621439108,1.4129995274936576e-05,6.146708485615222e-06,24.83737563714385
1366,1551,0.000903406681180454,0.0007014522758603683,1.3832252876046878e-05,6.3631876559616925e-06,24.85502030979842
1367,1552,0.0009018943306648807,0.0007004330922807998,1.3928776904812887e-05,6.2173469335951944e-06,24.872515046037734
1368,1553,0.0008997586027888674,0.000700836506561298,1.3903764678105747e-05,5.98844494465119e-06,24.890135975554585
1369,1554,0.0008974537676475483,0.0006997143024919166,1.3760552200486553e-05,6.013394315076616e-06,24.90806054789573
1370,1555,0.0008950378038704978,0.0006990209540240747,1.3780744507259411e-05,5.820940477382902e-06,24.92558447085321
1371,1556,0.0008939920943128178,0.0006985781585563186,1.3415046679374483e-05,6.126346896275436e-06,24.9431031672284
1372,1557,0.0008926193357169257,0.000698667268786947,1.3374383828557075e-05,6.020822864440797e-06,24.960779414512217
1373,1558,0.0008919745107115915,0.000701138007059,1.3428090302512981e-05,5.655560062746177e-06,24.97833305131644
1374,1559,0.0008899682591392796,0.0006976507971933273,1.3508699142843818e-05,5.723047051751417e-06,24.996022791601717
1375,1560,0.0008892569353792346,0.0006980478927453334,1.3339923088587834e-05,5.78098117480229e-06,25.013733820058405
1376,1561,0.0008884011912956524,0.0007005127886437253,1.3223519088876069e-05,5.565321176316637e-06,25.031997682526708
1377,1562,0.0008870248143459748,0.0007033520968583004,1.2989323579700165e-05,5.3779481690672726e-06,25.05019249022007
1378,1563,0.0008849291270412108,0.0007049031075430738,1.2930866503534935e-05,5.071735446278763e-06,25.068020287901163
1379,1564,0.0008821291802436541,0.000707688282634795,1.2646200466221555e-05,4.797889294664363e-06,25.08553240261972
1380,1565,0.0008792456897940977,0.0007082209825187589,1.2593169531465968e-05,4.5093011960679006e-06,25.103189666755497
1381,1566,0.0008763898848815577,0.0007083297064961622,1.2202299832842693e-05,4.603718005696859e-06,25.12078316323459
1382,1567,0.000872658403775977,0.0007039419823788667,1.2157892081734945e-05,4.713750057976081e-06,25.13829280808568
1383,1568,0.0008684495597002133,0.0006982739278302598,1.2016476720586658e-05,5.001086466408691e-06,25.155801441520452
1384,1569,0.0008658072934454112,0.0006998033240866011,1.1706375890722023e-05,4.894021045158989e-06,25.173300996422768
1385,1570,0.00086277903517927,0.0007003077104928749,1.1586082193977528e-05,4.6610502746619765e-06,25.190975059755147
1386,1571,0.0008595500910717361,0.0006979959265808222,1.1545782069439774e-05,4.6096343796516175e-06,25.209520774893463
1387,1572,0.0008578466786363134,0.0006997525711814335,1.1456738713792736e-05,4.352672031695251e-06,25.227492090314627
1388,1573,0.00085610166718583,0.0006983577482855711,1.1373217447340979e-05,4.401174442684907e-06,25.24562003929168
1389,1574,0.0008531127580601119,0.0006940404138815048,1.1138575750275219e-05,4.768658667585483e-06,25.26312900800258
1390,1575,0.0008521178987785289,0.0006951295456406993,1.082867727975472e-05,4.870158034028244e-06,25.28056341316551
1391,1576,0.0008504170529200322,0.0006949708051436461,1.0815945145685654e-05,4.728679631952956e-06,25.298163143917918
1392,1577,0.0008488989739302966,0.0006947750031454094,1.0669348964207244e-05,4.743048114281468e-06,25.315721169114113
1393,1578,0.0008472547714046964,0.0006952517549091817,1.057100296575019e-05,4.62929868380127e-06,25.333195249550045
1394,1579,0.0008447408825543201,0.0006937652516455122,1.0592571445722864e-05,4.50499164515792e-06,25.35080529283732
1395,1580,0.0008427689027047978,0.0006921630134684136,1.067160644267821e-05,4.388982480960195e-06,25.36835280340165
1396,1581,0.0008408466267020161,0.0006897693086604876,1.0813162217165632e-05,4.294569586987222e-06,25.38585879933089
1397,1582,0.0008389472838806833,0.0006851248820257755,1.113987069225178e-05,4.242369493239003e-06,25.403434933163226
1398,1583,0.0008363019872682881,0.0006799702644784295,1.1405657865034177e-05,4.227514413951678e-06,25.420925098471344
1399,1584,0.0008338929638207136,0.0006772313810649082,1.147483090821321e-05,4.191327367367336e-06,25.438406105153263
1400,1585,0.000831616101326539,0.000675425972508216,1.1368417847026013e-05,4.2505950348062864e-06,25.455878641456366
1401,1586,0.0008304511616351722,0.0006762678848544067,1.121004660435632e-05,4.20828107372023e-06,25.473424167372286
1402,1587,0.0008292037499457931,0.0006775653023868608,1.0903599210357193e-05,4.26024554553604e-06,25.49101449456066
1403,1588,0.0008279981658262861,0.0006779709594218081,1.0741962378462184e-05,4.2607582619856135e-06,25.508548804558814
1404,1589,0.0008267455598561176,0.0006776591910406619,1.0625224260567066e-05,4.283412620978513e-06,25.526158846914768
1405,1590,0.0008245118160345219,0.0006755629198577026,1.0646900350539396e-05,4.247989267142525e-06,25.54368460085243
1406,1591,0.00082121580270881,0.0006717739858972786,1.0702582569600406e-05,4.241599111552738e-06,25.56131662707776
1407,1592,0.000816814020444198,0.0006676914321200756,1.0660931823595234e-05,4.251327008817004e-06,25.578880508430302
1408,1593,0.000812833533574672,0.0006639920166348366,1.0651916772326355e-05,4.2322349216571805e-06,25.59755362290889
1409,1595,0.0008111864785502671,0.0006608548068510941,1.0794046859139944e-05,4.239120310777359e-06,25.62123510427773
1410,1596,0.0008092577137388784,0.0006607282873733729,1.0776137861293758e-05,4.076804775256792e-06,25.63880643621087
1411,1597,0.0008085027341486271,0.0006600282940700839,1.0818211508296883e-05,4.029232499557431e-06,25.656342711299658
1412,1598,0.0008075590218353216,0.0006598846022885501,1.0808629223565913e-05,3.9588127311112356e-06,25.67387130204588
1413,1599,0.0008070822521191255,0.0006588257656205387,1.0893406632681124e-05,3.93224201717756e-06,25.691926044411957
1414,1600,0.0008065141597108338,0.0006596478858528616,1.0812849466007814e-05,3.873777919789403e-06,25.709464847110212
1415,1601,0.0008060302153187426,0.0006596990664696842,1.0836260151696876e-05,3.7968547332089605e-06,25.72701126616448
1416,1602,0.0008055889778274907,0.0006594677911595019,1.081086564084411e-05,3.8012530259547735e-06,25.744539581239223
1417,1603,0.0008049029113186743,0.000659875320327488,1.0805375049937103e-05,3.6973840491815327e-06,25.76212203502655
1418,1604,0.0008042780637772087,0.0006594371334161507,1.0683217017186603e-05,3.800876018919208e-06,25.779702354222536
1419,1605,0.0008037857683724295,0.0006592827783687606,1.0567004928154404e-05,3.883294072212494e-06,25.797354452311993
1420,1606,0.0008033996944687476,0.0006595544006495885,1.0459200143401546e-05,3.925329238514361e-06,25.814950644038618
1421,1607,0.0008031774989210852,0.0006595490110671837,1.043427622330365e-05,3.928572562086508e-06,25.83254265319556
1422,1608,0.0008027387908612739,0.0006597207855506938,1.0389628421350827e-05,3.912172109707199e-06,25.850153419189155
1423,1609,0.0008021263042581821,0.0006595554790617896,1.035809691498749e-05,3.89898560465177e-06,25.867749083787203
1424,1610,0.0008012455812966338,0.000658683373331311,1.0361878415168137e-05,3.894342381364139e-06,25.88529661204666
1425,1611,0.0008003571700184868,0.0006579767715920402,1.0333101285222486e-05,3.904938557422185e-06,25.90289405081421
1426,1612,0.0007993228674998594,0.0006563218718956486,1.0389460186295908e-05,3.910639374125162e-06,25.92047950439155
1427,1613,0.000798202732354098,0.000654698044971921,1.0373605880977215e-05,3.976862857240472e-06,25.938510732725263
1428,1614,0.0007973278945783203,0.0006525834595159588,1.0447030606113078e-05,4.027412900123067e-06,25.95611923187971
1429,1615,0.0007961545265431727,0.0006514792846723879,1.0437184007624369e-05,4.030340179454099e-06,25.973664327524602
1430,1616,0.0007937323375322816,0.0006496048198584803,1.0387988457808785e-05,4.024763309571355e-06,25.99134831689298
1431,1617,0.000790786819346323,0.0006485908388592251,1.0303644011846385e-05,3.915954036863399e-06,26.008935538120568
1432,1618,0.0007882046234486512,0.0006471919938221998,1.0060833262078711e-05,4.040429700566433e-06,26.026522901840508
1433,1619,0.0007825025383187057,0.0006451816559970496,9.783752431144446e-06,3.948335801021168e-06,26.04409291781485
1434,1620,0.0007796087803536288,0.0006439273065382467,9.536792516646208e-06,4.031354864892011e-06,26.061713681556284
1435,1622,0.0007748435335147632,0.0006466622013458273,8.913446147494294e-06,3.904687069399299e-06,26.08535009622574
1436,1623,0.0007731727224785505,0.0006443922389195557,8.810863567927447e-06,4.067184787972031e-06,26.102995682507753
1437,1625,0.0007705717861054763,0.0006422920525923085,8.735119944537023e-06,4.092853406779764e-06,26.12668534461409
1438,1626,0.0007658755982962578,0.000639141154941832,8.441086459343255e-06,4.232357876099319e-06,26.144273498095572
1439,1627,0.000764012912834392,0.0006381841193974988,8.022000872174642e-06,4.5608784715146735e-06,26.161812738515437
1440,1628,0.000761024864152403,0.0006395623247954586,8.070909423894739e-06,4.075344511799701e-06,26.179273320361972
1441,1629,0.0007577142132024206,0.0006334426146444455,8.195820411120328e-06,4.231339444677181e-06,26.19694673176855
1442,1630,0.0007531210430667284,0.0006309361399495285,7.999331006895471e-06,4.219159304824516e-06,26.214493298903108
1443,1631,0.0007507983045820885,0.0006276850464427331,7.769986177138972e-06,4.541339636796566e-06,26.232027294114232
1444,1633,0.0007482146916400056,0.0006275237325460858,7.910407051992526e-06,4.158688857399449e-06,26.256346153095365
1445,1634,0.0007471258629472973,0.0006244763585797657,7.922145222860804e-06,4.342805213892357e-06,26.274281247518957
1446,1635,0.0007463740124543409,0.0006253214714766998,7.998254086265274e-06,4.107000011498839e-06,26.291915563866496
1447,1636,0.0007454480452990623,0.0006252768057615997,7.85818831481109e-06,4.158935638935155e-06,26.309429339133203
1448,1637,0.0007448753051240189,0.0006242146488180246,7.817245351223496e-06,4.248820279375939e-06,26.327569193206728
1449,1638,0.0007442280082926896,0.0006225609429634972,7.928929468992269e-06,4.237777063926968e-06,26.345125620253384
1450,1639,0.0007435148350881476,0.0006215924451621763,7.93063723437111e-06,4.261601758226022e-06,26.3626954741776
1451,1640,0.000742447987697148,0.0006208517510980749,7.951850947261926e-06,4.207772712645387e-06,26.380205884575844
1452,1641,0.0007413483626919694,0.0006196852439358888,8.054887729122477e-06,4.111424146485594e-06,26.39787895604968
1453,1642,0.00073998873050211,0.0006190691577261994,8.122311608015213e-06,3.9696456695758465e-06,26.415388494729996
1454,1643,0.0007387647802708409,0.0006207965600131339,8.001966254658983e-06,3.794855771111724e-06,26.432925772853196
1455,1644,0.0007376149587139302,0.0006213944472063359,7.859371893238126e-06,3.762679257521306e-06,26.450410784222186
1456,1645,0.0007362448348480275,0.0006229223246512001,7.626462152288066e-06,3.7057888673946764e-06,26.4680488826707
1457,1646,0.0007351203738537474,0.0006233489086720017,7.49892039109366e-06,3.678226127080903e-06,26.485548298805952
1458,1647,0.0007337678884386103,0.0006236462745922372,7.411277429772588e-06,3.600883954864721e-06,26.50313018169254
1459,1648,0.0007329501883398743,0.0006226461097708901,7.430758410619854e-06,3.599649446278569e-06,26.520735618658364
1460,1649,0.0007323868875040079,0.0006206728201621531,7.592201000829169e-06,3.579205733356312e-06,26.53831763751805
1461,1650,0.0007319765671930077,0.0006187861196769903,7.747270678597616e-06,3.5717740730041256e-06,26.555839562788606
1462,1651,0.0007314380513228477,0.0006176478902544926,7.784105326761224e-06,3.594910780074295e-06,26.5734280385077
1463,1652,0.0007309458457197622,0.0006170627834680281,7.790936726287532e-06,3.5973694988858836e-06,26.591055957600474
1464,1653,0.0007305641543494595,0.0006177745460815763,7.675480450639002e-06,3.6034803761493076e-06,26.608570772223175
1465,1654,0.000730047673346542,0.0006177839346507046,7.614400977113234e-06,3.6119728924705004e-06,26.6261251186952
1466,1655,0.0007289246829079079,0.0006168249895274601,7.509170539501897e-06,3.7007987985428815e-06,26.643710009753704
1467,1657,0.000728687745143926,0.0006174733905900504,7.527781365689209e-06,3.5936540896983526e-06,26.66745180543512
1468,1658,0.0007277443455791299,0.0006169926512172275,7.498781051720456e-06,3.576388384469776e-06,26.684984816238284
1469,1659,0.0007260085000143074,0.0006162797767851495,7.479771710813332e-06,3.493100612102461e-06,26.70270736142993
1470,1660,0.0007249068269473793,0.0006157479470789833,7.466380677847269e-06,3.449507308992329e-06,26.721149082295597
1471,1661,0.0007245247534676303,0.0006162221291168746,7.429727256102835e-06,3.400535178972743e-06,26.738595166243613
1472,1662,0.0007234860196912409,0.0006157251353374776,7.362740673919652e-06,3.4133477614566854e-06,26.75638046208769
1473,1663,0.0007229607665765449,0.0006164241042062628,7.2401814498391815e-06,3.413484787189025e-06,26.77393357269466
1474,1664,0.0007222994958126944,0.0006171092260580733,7.050758434528045e-06,3.468268540934074e-06,26.791567713022232
1475,1665,0.0007214062312343643,0.0006182949735086277,6.869253839927566e-06,3.441871932646099e-06,26.809458361007273
1476,1666,0.0007206302431054842,0.0006173562234385196,6.821474893543364e-06,3.5059270731530826e-06,26.826977190561593
1477,1667,0.0007190258552328403,0.0006148539735374068,6.724879876028454e-06,3.692308293514889e-06,26.844514885917306
1478,1668,0.000718247856199565,0.0006146192432472617,6.556242548885471e-06,3.8066187463448594e-06,26.862058375030756
1479,1669,0.0007176609614209586,0.000615218549048843,6.360687495627855e-06,3.8835537415837075e-06,26.87955727055669
1480,1670,0.0007163982491126673,0.0006143082081529961,6.453966886383767e-06,3.7550372095833493e-06,26.89774179458618
1481,1671,0.0007154574818916123,0.0006144689479736184,6.487177848704051e-06,3.611675543095333e-06,26.915196737274528
1482,1672,0.0007147350264834361,0.0006133259357265106,6.564516307819429e-06,3.5763927678731214e-06,26.932683014310896
1483,1673,0.0007137593793179853,0.0006123813428282289,6.535703870647913e-06,3.6020997783277328e-06,26.950277576223016
1484,1674,0.0007125599221169015,0.000610976848148392,6.4654739973545635e-06,3.692833399496382e-06,26.9678706638515
1485,1675,0.0007119818842432362,0.0006103085730400993,6.393711704933366e-06,3.7736194153803275e-06,26.98540285602212
1486,1676,0.0007117042163488126,0.0006104103835244586,6.289726911707578e-06,3.839656370727821e-06,27.003024944104254
1487,1677,0.0007115415274684839,0.0006100886822118372,6.346439492985559e-06,3.7988450326791127e-06,27.02112539857626
1488,1678,0.0007113156442973791,0.0006103920585792497,6.319789813994312e-06,3.772568757818632e-06,27.038540833629668
1489,1679,0.0007110393256559989,0.0006105594371082285,6.290549825707934e-06,3.7574390290691156e-06,27.056056927889585
1490,1680,0.0007106839545488729,0.000610663253993348,6.221880700196924e-06,3.780189355355578e-06,27.073712909594178
1491,1681,0.0007103271052212171,0.0006104074188783335,6.198344972292829e-06,3.7936236619955315e-06,27.091347037814558
1492,1682,0.0007094961061233747,0.00060949342112341,6.136429795619031e-06,3.863838704377448e-06,27.108860257081687
1493,1683,0.0007088185132660098,0.0006063493874252373,6.145419339046614e-06,4.101493245030636e-06,27.126372534781694
1494,1684,0.0007077305440636725,0.0006037543158341307,6.126656471790942e-06,4.270966351163242e-06,27.15219771489501
1495,1685,0.0007067605642565507,0.0006019466596055023,6.154849304051631e-06,4.326541161053216e-06,27.169846010394394
1496,1686,0.0007057532535123146,0.0005992558982414933,6.204307818467287e-06,4.445427708614852e-06,27.187359766103327
1497,1687,0.0007051162960249944,0.0005964412980356199,6.341459732391015e-06,4.5260400665464335e-06,27.204915813170373
1498,1688,0.0007042064061734041,0.0005936901611892345,6.4721150266280245e-06,4.57950947178894e-06,27.222507166676223
1499,1689,0.0007025656461830461,0.0005909387294313252,6.656932164352823e-06,4.505759510819266e-06,27.240147923119366
1500,1690,0.0007015535321288509,0.0005880990283039666,6.7554668466114165e-06,4.589983535877009e-06,27.25767046958208
1501,1692,0.0007007062995155509,0.0005872399824890267,6.7611834361975995e-06,4.58544826645482e-06,27.279746241867542
1502,1693,0.0006997980582686543,0.000586749636343407,6.811007819059063e-06,4.493834373465665e-06,27.296661385335028
1503,1694,0.0006989674222926522,0.0005851281639033784,6.978923064671312e-06,4.405002774256074e-06,27.313871587626636
1504,1695,0.0006976045882148003,0.0005835934596971414,7.041890535074449e-06,4.359222316691439e-06,27.33070578146726
1505,1696,0.0006955404074051414,0.0005796463843891292,7.466371858020127e-06,4.123030443581097e-06,27.347569489851594
1506,1697,0.00069431821028342,0.000580110092897984,7.35623580973293e-06,4.064575928810667e-06,27.364438629709184
1507,1698,0.0006920224903310804,0.0005759117185131826,7.304191008335869e-06,4.306886173453917e-06,27.381341208703816
1508,1699,0.0006898378528929423,0.0005716712657070631,7.542882763557406e-06,4.273775955030507e-06,27.398325159214437
1509,1700,0.0006887850798238584,0.0005683531997957944,7.70382098966277e-06,4.339367013143622e-06,27.41530421562493
1510,1702,0.0006880594000903426,0.0005671533148929957,7.838082550704022e-06,4.252525969030666e-06,27.4378441022709
1511,1703,0.0006873305683540052,0.0005643198592161064,8.141030755693823e-06,4.160040158096057e-06,27.45482022035867
1512,1704,0.0006869013378206148,0.0005626055271373172,8.29634487225017e-06,4.133236196079592e-06,27.47201616037637
1513,1705,0.0006865905944001668,0.0005617234721022393,8.2834814167469e-06,4.2032308130458504e-06,27.489071159623563
1514,1706,0.0006858468602181282,0.0005601688611603652,8.279654826176738e-06,4.288145079599561e-06,27.506166776642203
1515,1707,0.0006852495678076406,0.0005589298541716585,8.309247590378619e-06,4.322723773219583e-06,27.523372634314
1516,1708,0.0006841914077090158,0.0005573816767996606,8.372092112266142e-06,4.308880978669366e-06,27.540546623058617
1517,1709,0.0006824981312542709,0.0005551428038051705,8.53246866641951e-06,4.203064078490531e-06,27.557750349864364
1518,1710,0.0006808982565978983,0.0005525025254338546,8.676766538032884e-06,4.162806578371485e-06,27.5750135993585
1519,1712,0.0006795864411159834,0.0005520372833098775,8.674682502008302e-06,4.080233278602281e-06,27.598286495544016
1520,1713,0.0006771153477413365,0.0005487188741175979,8.882776328004449e-06,3.9568710343694156e-06,27.615595889277756
1521,1714,0.0006751572172626018,0.0005480708484928568,8.784038820393644e-06,3.924598056580853e-06,27.632968517020345
1522,1715,0.0006723353863686723,0.0005431971230865007,8.786779181322462e-06,4.127047146894708e-06,27.650325069203973
1523,1716,0.0006702257655054765,0.0005379736712273171,9.166629040934855e-06,4.058580386881088e-06,27.66769572161138
1524,1717,0.000668067456176932,0.0005335224721374002,9.405194734723571e-06,4.0493036692296035e-06,27.68539977632463
1525,1718,0.0006661094819521992,0.0005295120284692309,9.528588943961842e-06,4.131156404334995e-06,27.702756378799677
1526,1719,0.000664525851177545,0.0005304655208270449,9.272743573206412e-06,4.133289461843588e-06,27.72062934935093
1527,1720,0.0006626053510560639,0.0005312717488723102,8.944683714228624e-06,4.18867650414674e-06,27.738070402294397
1528,1721,0.0006619160413037598,0.0005327642928474063,8.822713792039303e-06,4.092461053596047e-06,27.755595237016678
1529,1722,0.0006603489569042979,0.0005315730985445867,8.729542100549192e-06,4.1480437354219375e-06,27.773205943405628
1530,1723,0.0006596698052111821,0.0005312154880051567,8.69954284592982e-06,4.145888874672725e-06,27.790812659077346
1531,1724,0.0006583945245435743,0.000529195586777156,9.006574395155471e-06,3.913319381486354e-06,27.80833648238331
1532,1725,0.0006569594342138819,0.0005292098428562198,8.952034382614264e-06,3.822924753151948e-06,27.825907912105322
1533,1727,0.0006554683414487772,0.0005293752924661453,8.773726335465328e-06,3.835578562797865e-06,27.849477980285883
1534,1728,0.0006538136579332648,0.0005303550091703652,8.476253875605009e-06,3.869611000684945e-06,27.86706014815718
1535,1729,0.0006522153801141008,0.0005277687382205098,8.472659817714583e-06,3.972004371644519e-06,27.885178395546973
1536,1730,0.0006508371704262161,0.0005280562101437376,8.323254731541919e-06,3.954841296705933e-06,27.902757338248193
1537,1731,0.0006492346984667103,0.0005283419310119111,8.2077722592351e-06,3.881504486244812e-06,27.92114464007318
1538,1732,0.0006485375428740696,0.0005267460191070518,8.110744096500652e-06,4.068408280201125e-06,27.93916924856603
1539,1733,0.0006467572672381446,0.0005248912935608121,8.289941435790578e-06,3.896655931942653e-06,27.956646284088492
1540,1734,0.0006453386876825489,0.0005218220840870782,8.486567537637567e-06,3.865092821909502e-06,27.974295176565647
1541,1735,0.0006430416612796567,0.0005146104497314778,9.005017643148414e-06,3.838103511669472e-06,27.991936445236206
1542,1736,0.0006414943920360597,0.0005119591639709097,9.151649820447053e-06,3.8018729860679443e-06,28.009508691728115
1543,1737,0.000640070775712369,0.0005118193081209625,8.965540454233099e-06,3.859606304907551e-06,28.02707824576646
1544,1738,0.0006387880488212356,0.0005148993901938242,8.706965460713306e-06,3.6819004020278393e-06,28.044614631682634
1545,1740,0.0006378164856411609,0.0005146982983444425,8.63339899693816e-06,3.6784197327336756e-06,28.069223446771502
1546,1741,0.0006367708173276463,0.0005141017386524195,8.774189842816434e-06,3.492718024706244e-06,28.08680243883282
1547,1742,0.0006361747068929748,0.0005127311775775425,8.84223628010886e-06,3.5021166514343672e-06,28.104339284822345
1548,1743,0.00063582541677611,0.000511387433971021,8.974763911492374e-06,3.4690343690165144e-06,28.121936060488224
1549,1744,0.0006355320733280878,0.0005101995410707899,9.035976574859234e-06,3.497276650870562e-06,28.13945780135691
1550,1745,0.0006353226537943471,0.0005103737919618278,8.88344280134315e-06,3.6114433819087846e-06,28.15700364857912
1551,1746,0.0006348405990789183,0.0005102320443456647,8.91200028361528e-06,3.548855189710079e-06,28.1746463496238
1552,1747,0.0006344661455729669,0.0005093695864469999,8.969175187166755e-06,3.5404807254299472e-06,28.19225889723748
1553,1748,0.000633681918516215,0.0005080204763515334,9.042032920954348e-06,3.5241112955138185e-06,28.20982694067061
1554,1749,0.0006330294423122215,0.0005053325140369813,9.225955286277381e-06,3.543737541246638e-06,28.227376703172922
1555,1750,0.0006323440971758127,0.0005057821466515171,9.06152486341223e-06,3.5946701890173407e-06,28.24491895455867
1556,1751,0.0006320606932949524,0.0005057321249409085,9.15908302996602e-06,3.473773805438379e-06,28.262455690652132
1557,1752,0.000631043896814557,0.0005051075646459666,9.007017979786282e-06,3.586615237072766e-06,28.279976898804307
1558,1753,0.0006299498492875248,0.0005043250742626763,8.894103825767265e-06,3.6683736767175797e-06,28.29768994729966
1559,1754,0.000628703608247308,0.00050384800312537,8.849794854341403e-06,3.6357656578523966e-06,28.31532607227564
1560,1755,0.0006276089728754266,0.0005025173398066606,9.077311616724843e-06,3.431851690151752e-06,28.333833421580493
1561,1756,0.0006270758032676896,0.0005003174978168272,9.208594532955316e-06,3.4672360121309303e-06,28.351496355608106
1562,1757,0.000626205980142367,0.0005021428671368383,9.043663632501426e-06,3.3626476680514517e-06,28.369126381352544
1563,1758,0.0006253931858828687,0.0005012948994823491,8.99156945273693e-06,3.4182591873150364e-06,28.38731029164046
1564,1759,0.0006245901221565472,0.0004998257489424691,9.015639707217488e-06,3.460797614190319e-06,28.404860767535865
1565,1760,0.0006236022444488749,0.0004987773404856174,8.968965098326364e-06,3.5135252979993855e-06,28.422616690397263
1566,1761,0.0006224909474896584,0.0004986165281976892,8.838214412200238e-06,3.5492275169966775e-06,28.440263772383332
1567,1762,0.0006216480588334476,0.0004984053567502358,8.620507719290505e-06,3.703762489030664e-06,28.457824965007603
1568,1763,0.0006213899046784906,0.000499796135541745,8.59096907218541e-06,3.5684078414891606e-06,28.475466817617416
1569,1764,0.0006207018333837334,0.0005006361808775449,8.317681101314193e-06,3.6888841493046544e-06,28.493139911442995
1570,1765,0.0006203115833935185,0.0004995467333489296,8.370687957739895e-06,3.7057970467189906e-06,28.5106949955225
1571,1766,0.0006199386237733384,0.0005001606783768686,8.341695869150663e-06,3.636098670496326e-06,28.528243402019143
1572,1767,0.0006194190641407094,0.0005006212321825696,8.342004838288598e-06,3.5377783575253802e-06,28.545834061689675
1573,1768,0.0006188918437827803,0.0005008976468201359,8.256462100483136e-06,3.542957595781299e-06,28.563408150337636
1574,1769,0.0006183627606161943,0.0005013899051675734,8.11724555433362e-06,3.5800399905284758e-06,28.580979950726032
1575,1770,0.0006176243120691574,0.0005008689004963964,8.15204687656094e-06,3.523494280715155e-06,28.598704332485795
1576,1771,0.0006166639208966963,0.0004997268962174066,8.263230691348059e-06,3.4304717765809042e-06,28.616249094717205
1577,1772,0.0006163588921792785,0.0004993924170901005,8.377625647379891e-06,3.3190218615379086e-06,28.633791043423116
1578,1773,0.0006157983362241881,0.0004986792693760811,8.274674808620675e-06,3.4372318761900245e-06,28.65138661675155
1579,1774,0.0006154914351999267,0.0004987303071952566,8.25436716653175e-06,3.4217456339352663e-06,28.66893912386149
1580,1775,0.0006150296705089358,0.0004985082480088579,8.181457487657046e-06,3.4706847623507543e-06,28.68700346723199
1581,1776,0.0006148086376936716,0.0004975163208279283,8.213092119593016e-06,3.5161395669813087e-06,28.7044194098562
1582,1777,0.0006144442738572006,0.000497943300201951,8.12861320460512e-06,3.521484160919839e-06,28.72204410750419
1583,1778,0.0006143207065630471,0.0004988706435966074,8.052519161449475e-06,3.4924871351944902e-06,28.739898880012333
1584,1779,0.0006141118089777581,0.0004991358228388819,8.025410429539527e-06,3.4721881843480906e-06,28.75736357178539
1585,1780,0.000613858668778019,0.0004993869072946877,7.98974478950719e-06,3.457431358825929e-06,28.774941288866103
1586,1781,0.000613675881020022,0.0004994027755656125,7.97864016224999e-06,3.4486703831909597e-06,28.792555480264127
1587,1782,0.0006132916732383616,0.0004991381182953118,7.951777598131712e-06,3.463577896173264e-06,28.810114570893347
1588,1783,0.000613074140199011,0.0004990344554637662,7.96197400728356e-06,3.4419944662409244e-06,28.82774227205664
1589,1784,0.0006128521385327509,0.0004984208427833761,7.999570560792066e-06,3.443559014145416e-06,28.8452791236341
1590,1785,0.0006126232433650331,0.0004980530315700023,8.047014866565765e-06,3.4100063129373084e-06,28.86278598383069
1591,1786,0.0006124313327486623,0.0004984024014519801,8.007732059039395e-06,3.3951610706288226e-06,28.88036901690066
1592,1787,0.0006122231465486425,0.0004984139822003505,8.015880495684197e-06,3.365035939145006e-06,28.89854971971363
1593,1788,0.0006120209740056616,0.0004983683888044786,7.978863305095351e-06,3.3863952150229546e-06,28.915997117757797
1594,1789,0.0006118516874821981,0.00049840519527152,7.963632078773502e-06,3.381017142294299e-06,28.933511243201792
1595,1790,0.0006116034720000755,0.0004980096069672384,7.997306092265097e-06,3.3620804110186146e-06,28.951102365739644
1596,1791,0.0006112186182730148,0.000497021460305017,8.041979678488655e-06,3.3777361183111192e-06,28.96862703282386
1597,1792,0.0006108310387430223,0.0004957819483465359,8.13451909998414e-06,3.3703899396644956e-06,28.98622128739953
1598,1793,0.0006105624195983473,0.0004941899415355772,8.248705800663214e-06,3.3885420056137944e-06,29.004274701699615
1599,1794,0.0006103342441197923,0.0004939537055567887,8.231557784437179e-06,3.4064960718631877e-06,29.021864630281925
1600,1795,0.0006100605020460862,0.0004938304949462852,8.186069033732933e-06,3.436931676247162e-06,29.03935495391488
1601,1796,0.0006098105082553303,0.0004937194068839356,8.18632226461327e-06,3.4227878725261977e-06,29.056892291642725
1602,1797,0.0006094259912282156,0.0004934582431821842,8.121653329167886e-06,3.475121475435249e-06,29.074446744285524
1603,1798,0.0006088842402063426,0.0004929523062705676,8.038924498373026e-06,3.5542688952044754e-06,29.09201800636947
1604,1799,0.0006083980948202873,0.0004927009614686956,8.009009272752937e-06,3.5607040624062245e-06,29.109581275843084
1605,1800,0.0006076787874231043,0.0004914962027605859,8.019015563546812e-06,3.5992429027050298e-06,29.127264133654535
1606,1801,0.000607097418884989,0.0004923014247338645,7.795730361342376e-06,3.6838690537700625e-06,29.144795483909547
1607,1802,0.0006059500239373457,0.0004894529102480736,7.935333683217223e-06,3.714377685709994e-06,29.162342040799558
1608,1803,0.0006051877643814685,0.00048752990764024947,8.188485850392812e-06,3.577299823729089e-06,29.180153528228402
1609,1804,0.0006037874899564144,0.0004864895386043207,8.176301777105205e-06,3.553493358104166e-06,29.19788826163858
1610,1805,0.0006024701908414231,0.0004862551897595175,7.95025413094089e-06,3.6712459772496697e-06,29.215420480817556
1611,1806,0.0006011332670534489,0.0004866816623451782,7.887733475299e-06,3.5574269955280787e-06,29.233000699430704
1612,1808,0.0006004391763890385,0.000484554336192507,7.984750898001635e-06,3.603733121651521e-06,29.256706192158163
1613,1809,0.000600054581627325,0.00048298205295222677,8.028265565513729e-06,3.6789873019961013e-06,29.274293657392263
1614,1811,0.0005997136047826357,0.00048292904218268903,8.016729655456632e-06,3.661726604538046e-06,29.298162375576794
1615,1812,0.0005994527030381595,0.00048384048878162756,8.064889562609925e-06,3.4963318630432655e-06,29.315706653520465
1616,1813,0.0005991568715662133,0.0004835878670291783,8.079545849901735e-06,3.4773546038017714e-06,29.33321948815137
1617,1814,0.0005987667692438026,0.00048321570520720405,8.108594589572335e-06,3.4465118140875203e-06,29.350848355330527
1618,1815,0.0005983409918643393,0.00048281409259375246,8.152400310037462e-06,3.4002896170212247e-06,29.368399563245475
1619,1816,0.0005974234924884193,0.00048205327371634535,8.223738793733022e-06,3.313283083474378e-06,29.386041421443224
1620,1817,0.0005965254901115718,0.0004819098932164564,8.152829158026868e-06,3.308730531484666e-06,29.403626817278564
1621,1818,0.0005956956034290176,0.00048208745992275816,8.088731871088907e-06,3.2720824795370405e-06,29.421199860051274
1622,1819,0.0005950248641345739,0.0004825667730895133,7.977847369756277e-06,3.267961734749785e-06,29.438737456686795
1623,1820,0.0005943209558411633,0.00048172169770261156,8.012047502713327e-06,3.2478783111418522e-06,29.456301865167916
1624,1821,0.0005933262578123943,0.0004830288007163378,7.924296578332584e-06,3.1054491312730737e-06,29.473990166559815
1625,1822,0.0005922032301387105,0.00048478821620811705,7.706416606918971e-06,3.0350847861403716e-06,29.491571344435215
1626,1823,0.0005899969214788135,0.0004815543439407737,7.845193950980361e-06,2.999063802823612e-06,29.509182220324874
1627,1824,0.0005867050009368396,0.00047667017221150157,8.186800093091756e-06,2.816682779442035e-06,29.526815523393452
1628,1825,0.0005836010767239544,0.00047532058313940563,8.002796944606746e-06,2.825252413848134e-06,29.544374492019415
1629,1826,0.0005790129250951184,0.0004713507134898469,7.720607819292258e-06,3.04561334123489e-06,29.561929338611662
1630,1828,0.0005765135619776011,0.00046933983235107087,7.643097173285871e-06,3.0742757893671495e-06,29.58619657717645
1631,1830,0.0005748487016819606,0.00046691724100174906,7.456229725168184e-06,3.336916342852968e-06,29.610132744535804
1632,1831,0.0005726879048061556,0.0004627750888681847,7.512159802455763e-06,3.479121791341319e-06,29.627765364013612
1633,1832,0.000571224095207152,0.0004601661941022181,7.622392281416093e-06,3.483397829077296e-06,29.645301238633692
1634,1833,0.0005695813046895642,0.0004577100602075717,7.625207086159241e-06,3.5619173620400043e-06,29.66285857744515
1635,1834,0.0005678288400724201,0.00045326607698708047,7.831435255592238e-06,3.6248410529417235e-06,29.680397117510438
1636,1835,0.0005659124974895755,0.000451092692605649,7.689107373266652e-06,3.792873115125996e-06,29.698133080266416
1637,1836,0.0005646365263554192,0.0004497550642653782,7.845490732492462e-06,3.6426554765116364e-06,29.715662149712443
1638,1838,0.0005632998345752071,0.0004490120882042128,7.638734931736737e-06,3.790039705362689e-06,29.74029413703829
1639,1839,0.0005620577486856633,0.0004477660828809855,7.655801974412054e-06,3.7733646060557313e-06,29.757881363853812
1640,1840,0.0005611433494667646,0.0004461069191255767,7.6127059969374225e-06,3.890937037181366e-06,29.775483820587397
1641,1841,0.0005600522668117844,0.00044405460564852644,7.669369960153403e-06,3.930396156172391e-06,29.79309352301061
1642,1842,0.0005587623153380624,0.0004415896851642344,7.805302653996036e-06,3.9119603633867615e-06,29.81082517001778
1643,1843,0.0005564342880233771,0.0004377099384634378,8.030427460502702e-06,3.842007495491228e-06,29.828429382294416
1644,1845,0.0005553288161649032,0.0004355521688772186,8.45852535960734e-06,3.519139369161126e-06,29.85216274484992
1645,1846,0.0005538364885018524,0.00043196096436727023,8.736897345557123e-06,3.4506550679010906e-06,29.869738762266934
1646,1847,0.0005524738422862026,0.0004299886464636042,8.737879398566595e-06,3.5106401836932538e-06,29.88723235949874
1647,1848,0.000551268861492894,0.00042684917079438426,8.908875992119996e-06,3.5330930777309758e-06,29.905685269273818
1648,1849,0.000550133315585893,0.00042396978304793276,8.943577203433867e-06,3.6727760503621523e-06,29.923175604082644
1649,1850,0.0005489895824198424,0.0004232494021371757,8.787278164519709e-06,3.786739863746968e-06,29.940694835036993
1650,1851,0.0005470506098251739,0.0004240547508448188,8.454529310680031e-06,3.845056587355469e-06,29.958236195147038
1651,1852,0.0005459037809342828,0.000425814510701942,8.083267685585914e-06,3.925659337648169e-06,29.975851566530764
1652,1853,0.0005448013940438492,0.0004275676780730676,7.897782628679753e-06,3.825588968398415e-06,29.99342974461615
1653,1854,0.0005436686590440222,0.0004283537786784441,7.741593403407803e-06,3.7898946331500115e-06,30.011887796223164
1654,1855,0.0005420621401292163,0.0004307411832638987,7.423745897443532e-06,3.7083497890882373e-06,30.029514394700527
1655,1857,0.0005412777194605411,0.000430320080397056,7.3484903038018566e-06,3.7472736025466516e-06,30.053149870596826
1656,1858,0.0005394641688388458,0.0004313832320154333,7.207965935319898e-06,3.600127747021356e-06,30.07064127177
1657,1859,0.0005372647841578458,0.00043393849186821524,6.875838448864512e-06,3.4567907800985486e-06,30.088200266472995
1658,1861,0.0005361984824159958,0.00043577986748269735,6.608536979121646e-06,3.433324514208196e-06,30.111882016062737
1659,1862,0.0005347789537987738,0.0004329818410447132,6.8664661609592685e-06,3.313245114446786e-06,30.12952738907188
1660,1863,0.0005336089400878246,0.0004337160808419715,6.517851657528109e-06,3.4714342670572e-06,30.147139126434922
1661,1864,0.0005321652753050371,0.0004334283108512482,6.588709360322754e-06,3.2849870850561447e-06,30.16470690816641
1662,1865,0.0005302448552101236,0.0004337764913965199,6.630018276173302e-06,3.0168181051870676e-06,30.18219933938235
1663,1866,0.0005270164112698766,0.0004320364960981194,6.573643692372033e-06,2.9243478248036885e-06,30.19982718769461
1664,1867,0.0005238332152244105,0.00043077652540891745,6.1823220016663224e-06,3.123346979882979e-06,30.21761111356318
1665,1868,0.0005205270823723309,0.0004286584345214763,6.301671154215567e-06,2.8851936308698833e-06,30.235228310339153
1666,1870,0.0005194546225448585,0.00042676536052144994,6.362130353469143e-06,2.906795848871713e-06,30.258865263313055
1667,1871,0.0005177149599731912,0.0004261990008400987,6.115590682670007e-06,3.036005230639238e-06,30.27646962273866
1668,1872,0.0005166172043501294,0.0004264959951918593,5.722305711265679e-06,3.2898152045613316e-06,30.294101991690695
1669,1873,0.0005147687712880418,0.0004243465536220291,6.026966956520878e-06,3.0152548100803817e-06,30.31166753359139
1670,1875,0.0005140825391587966,0.00042409698737595335,5.9815477287747494e-06,3.017007449509577e-06,30.33535651769489
1671,1876,0.0005131361289574375,0.000424027074636198,5.920119205302028e-06,2.9907862268219197e-06,30.35291115101427
1672,1877,0.0005121170414601017,0.00042300218254311123,5.868517119247878e-06,3.0429687724511655e-06,30.370409093797207
1673,1878,0.0005113600799076825,0.0004234613445847686,5.761660975704159e-06,3.0282125565872283e-06,30.38799672573805
1674,1879,0.0005110739432845883,0.0004217042974464557,5.900154557054844e-06,3.036810026758415e-06,30.40555261913687
1675,1880,0.0005106266614636299,0.00042142492946659895,5.879587580165891e-06,3.040585619537202e-06,30.42317067924887
1676,1881,0.000510419563055169,0.0004212419621765459,5.894250315803409e-06,3.023509772058904e-06,30.440681129693985
1677,1882,0.0005101092722600821,0.0004200949185664038,5.929903156218258e-06,3.07153221314957e-06,30.458198132924736
1678,1883,0.0005096811105470014,0.00041814540055040125,6.078178815646061e-06,3.0753921840139517e-06,30.475911709479988
1679,1884,0.0005093384790485359,0.0004162115843149906,6.224384195185444e-06,3.088305278169086e-06,30.493535610847175
1680,1885,0.0005090327861626757,0.0004148835112923748,6.389134593799754e-06,3.0257928932303403e-06,30.511147145181894
1681,1886,0.0005086378946828138,0.0004139263700777474,6.493577962251541e-06,2.977574498255094e-06,30.52876624558121
1682,1887,0.0005080799768304478,0.00041300004292030946,6.621372299216056e-06,2.8866210917977864e-06,30.546267287805676
1683,1888,0.0005074374815286847,0.00041185822160367863,6.7241472221260666e-06,2.8337787703745336e-06,30.56393144559115
1684,1889,0.0005072905402528034,0.00041219014076719634,6.68146095478612e-06,2.82857899377458e-06,30.58219664823264
1685,1890,0.0005066831651751753,0.00041209160500316823,6.607609544668727e-06,2.8515464725319767e-06,30.599851567298174
1686,1891,0.00050634612735867,0.00041188667977620465,6.610714905579305e-06,2.83522985266723e-06,30.617390635423362
1687,1892,0.0005057796666765987,0.00041194161325209,6.568089123411367e-06,2.815716219039502e-06,30.63494682777673
1688,1893,0.0005054213674595982,0.0004122916636655365,6.507310401523577e-06,2.8056599778825864e-06,30.65243174880743
1689,1894,0.0005050201355820103,0.00041225393801004855,6.500596200264336e-06,2.7760235569318397e-06,30.66999364644289
1690,1895,0.000504714723099277,0.00041190719812085255,6.507831804734986e-06,2.7729206931074573e-06,30.687544209882617
1691,1896,0.0005039479663044191,0.00041175799573396675,6.459536231212064e-06,2.759460825833175e-06,30.70515968184918
1692,1897,0.0005030179799252191,0.00041063547352190876,6.446856792870603e-06,2.7913938474604313e-06,30.722766537219286
1693,1898,0.0005015447949518576,0.0004093003671652499,6.374948801443175e-06,2.8494939772175927e-06,30.74019221868366
1694,1900,0.0005004649175825138,0.00040728576389778223,6.445359628303316e-06,2.8725557401698384e-06,30.764683736488223
1695,1901,0.0004991694797892281,0.000406224277715696,6.4282271158454565e-06,2.866293091507755e-06,30.78223333787173
1696,1903,0.0004982109280217487,0.00040542740897364323,6.424185949838678e-06,2.8541659549718683e-06,30.805930212140083
1697,1904,0.000498167085969066,0.0004063524938594664,6.432707363463169e-06,2.7487518474967774e-06,30.823416037485003
1698,1905,0.0004974356926518652,0.0004058329346093441,6.397767855897576e-06,2.76250794835453e-06,30.84089438058436
1699,1906,0.000497142298057174,0.00040493632963388036,6.498071788052645e-06,2.722525054276717e-06,30.858382902108133
1700,1907,0.000496947073308614,0.00040528553357987036,6.412802966103896e-06,2.753351006770469e-06,30.87593770865351
1701,1908,0.0004966272218983466,0.00040519824338111296,6.421180187253673e-06,2.7217176644696927e-06,30.893403590656817
1702,1909,0.0004964208895720096,0.00040540765455914293,6.4073945755163676e-06,2.693928925770304e-06,30.91100055258721
1703,1910,0.0004963104210075381,0.0004046727333846852,6.4654353766612875e-06,2.6983333856240006e-06,30.92900924384594
1704,1911,0.0004961323135213013,0.0004049920029463096,6.4189355594329935e-06,2.695095498066175e-06,30.946580823510885
1705,1912,0.0004960692548583903,0.0004047844735699848,6.421293231099868e-06,2.707184897740677e-06,30.964183788746595
1706,1913,0.0004959233386712556,0.0004037744269535654,6.462283657968216e-06,2.7526075138008037e-06,30.98175588529557
1707,1914,0.0004958178587625895,0.0004029585429932519,6.519982118742371e-06,2.7659494581913957e-06,30.999413243494928
1708,1915,0.000495641279118934,0.00040185738829042866,6.591331880181193e-06,2.7870572026693487e-06,31.01701653841883
1709,1916,0.0004954421872133426,0.00040068514820677884,6.706424050510518e-06,2.7692798501458594e-06,31.03452427778393
1710,1917,0.0004952849887402282,0.0003999301754338164,6.797958474167437e-06,2.7375228564737374e-06,31.052147261798382
1711,1918,0.0004951038230250973,0.00039923721230477943,6.872366916982648e-06,2.714294155049142e-06,31.06963230483234
1712,1920,0.0004949430257270952,0.00039851709561075535,6.950900880121477e-06,2.691692131512506e-06,31.09363394230604
1713,1921,0.0004946421391414707,0.00039779973762092815,7.022705005328945e-06,2.6615351467253085e-06,31.11156875360757
1714,1922,0.00049409024572258,0.00039717680152095996,6.993583837388253e-06,2.6977605827737423e-06,31.129107063636184
1715,1923,0.0004938164782404495,0.0003950543187991392,7.11581113716188e-06,2.7604048069691524e-06,31.147598246112466
1716,1924,0.0004932338759999548,0.0003959358551319143,6.996698856380005e-06,2.733103230424045e-06,31.164969717152417
1717,1925,0.0004926806764376223,0.000395271922741342,7.011998205849368e-06,2.7288771637786644e-06,31.183564018458128
1718,1926,0.000491736893192148,0.00039401254928657413,7.059309896953955e-06,2.713124493603427e-06,31.201932051219046
1719,1927,0.0004912101989244105,0.0003927149709335797,7.24055402205711e-06,2.608968777025976e-06,31.219448330812156
1720,1928,0.0004906999712535505,0.00039291608589640706,7.198323529949354e-06,2.5800650057649865e-06,31.236944193020463
1721,1929,0.0004901087968099432,0.0003923773987362734,7.36172625217369e-06,2.411413555193285e-06,31.254421406425536
1722,1930,0.0004896682213527447,0.0003915332403968749,7.420066789686198e-06,2.393431305900782e-06,31.271955002099276
1723,1931,0.0004892091318790333,0.00039153466043217387,7.388314571253139e-06,2.3791325734328064e-06,31.289413947612047
1724,1932,0.0004887413437274299,0.0003913623060093894,7.449896488817728e-06,2.2880072829863172e-06,31.3069917159155
1725,1933,0.0004883492687560152,0.0003900013512777305,7.575479739707307e-06,2.2593120081211596e-06,31.324467106722295
1726,1934,0.00048813115555732087,0.0003888834896607264,7.599506508199006e-06,2.325260081460441e-06,31.343004341237247
1727,1936,0.0004878442522776337,0.0003879124681657641,7.679715445911426e-06,2.313462965275534e-06,31.366399687714875
1728,1937,0.0004872656373294353,0.0003861222863284678,7.837058173363863e-06,2.2772769267328806e-06,31.38390761986375
1729,1938,0.0004866595499192036,0.0003854788036188691,7.83492526695568e-06,2.2831493630777676e-06,31.401471403427422
1730,1939,0.0004857762706094996,0.0003832630432251306,7.927265965639504e-06,2.324056772797389e-06,31.41895818244666
1731,1940,0.00048485009823465055,0.0003823189163988979,7.88577068688114e-06,2.3673474966941237e-06,31.43644740432501
1732,1941,0.0004836901212444252,0.00038022226176976547,7.967315562232817e-06,2.3794703852331537e-06,31.453954849392176
1733,1942,0.00048247106072768844,0.00037785616148504846,7.856937889338184e-06,2.604552034925811e-06,31.471527379006147
1734,1943,0.00048141652642191173,0.00037808105541098163,7.906978063440878e-06,2.426569037652133e-06,31.48902282770723
1735,1944,0.00048055162212618413,0.0003791660378139218,7.859588267413059e-06,2.2789701638131694e-06,31.506540136411786
1736,1945,0.00047965340703015776,0.00037765974216566895,7.840215553494643e-06,2.359150932954238e-06,31.52403299883008
1737,1946,0.0004787722242823698,0.0003751581118699956,7.938242396950047e-06,2.42316884428737e-06,31.542444807477295
1738,1947,0.0004780819056948041,0.00037335917404323146,7.951486859542038e-06,2.5207863056152215e-06,31.559826474636793
1739,1948,0.0004767714321882207,0.0003733975336373429,7.850143909330749e-06,2.487245945757033e-06,31.577325672842562
1740,1949,0.00047575872784499907,0.00037103381941052933,7.928266340418964e-06,2.5442245030280137e-06,31.594893969595432
1741,1950,0.0004742827428968004,0.00036963620206574674,7.820274891232647e-06,2.6443791918727227e-06,31.612411539070308
1742,1951,0.00047288151041590656,0.00036672937254924394,7.637025464057009e-06,2.978188322609255e-06,31.629944594576955
1743,1952,0.00047191944619528174,0.00036483932245428153,7.763291526496198e-06,2.9447208476038247e-06,31.64741637185216
1744,1953,0.00047113718520650193,0.00036413198655061444,7.798382272302155e-06,2.9021375932865957e-06,31.664849961176515
1745,1954,0.0004705908641600976,0.00036307449007989877,7.890342444080666e-06,2.861294963939213e-06,31.682426918298006
1746,1955,0.0004703935534891918,0.0003627515598207099,7.893609411686916e-06,2.8705899551612795e-06,31.700096836313605
1747,1956,0.00047005173256190694,0.00036330014313591663,7.841100299936406e-06,2.8340586426626256e-06,31.717545745894313
1748,1957,0.00046962050611398353,0.0003626167280572496,7.935930626386128e-06,2.764447179287264e-06,31.735032081604004
1749,1958,0.0004691650686937146,0.0003624524867599622,7.899657248327401e-06,2.7716009450478402e-06,31.752561969682574
1750,1959,0.0004684856367960142,0.0003620660568326337,7.863472364404967e-06,2.7784856319330824e-06,31.770065956749022
1751,1960,0.0004679882139075698,0.00036192790194468003,7.798597658342916e-06,2.807433537946061e-06,31.78753089532256
1752,1961,0.00046724976819575883,0.0003609860327875966,7.839632291450337e-06,2.786741249365889e-06,31.805093147791922
1753,1962,0.0004663805604207535,0.00035973408490495607,7.797112509493499e-06,2.8675350420862452e-06,31.8225365485996
1754,1963,0.00046544152327109386,0.0003586990145253833,7.786502416819314e-06,2.88774845775174e-06,31.84002936631441
1755,1964,0.00046430834128631423,0.0003590500364087507,7.632233982293902e-06,2.8935965054624512e-06,31.857537154108286
1756,1965,0.00046381345736399703,0.0003596127008030421,7.599381495297444e-06,2.820694160798044e-06,31.87512256577611
1757,1966,0.00046330718096772045,0.0003605752399346586,7.490211087002502e-06,2.7829830163036813e-06,31.893219135701656
1758,1967,0.00046308576417311814,0.00036136880503353234,7.417439186549482e-06,2.754256727409096e-06,31.91064575780183
1759,1968,0.0004627554223460761,0.00036114619021887636,7.407868348061539e-06,2.753054864658435e-06,31.92816728167236
1760,1969,0.0004622954631814192,0.00036104794375930733,7.3398998870536866e-06,2.784852055157503e-06,31.945636755786836
1761,1970,0.00046163517993783564,0.00036110205487025913,7.294947225272783e-06,2.758365281484865e-06,31.96315562352538
1762,1971,0.0004607799321796935,0.00036131991326034834,7.1967454050408205e-06,2.7492564868936943e-06,31.98069102037698
1763,1972,0.00046031825486622354,0.0003622534841734922,7.215502396356517e-06,2.5909746729166204e-06,31.998260761611164
1764,1973,0.0004599591643337561,0.00036210541119711736,7.208206451656365e-06,2.5771688620075094e-06,32.01655975077301
1765,1974,0.0004597549985174771,0.00036259788665372666,7.185200262866458e-06,2.530510923508579e-06,32.03414072468877
1766,1975,0.00045951409247925343,0.00036291001817950053,7.1988496992644085e-06,2.4615577307108826e-06,32.051632741466165
1767,1976,0.00045924646016962383,0.0003627234428810585,7.186787437988866e-06,2.465514290867665e-06,32.06910733692348
1768,1977,0.0004589777488680859,0.00036346491123332217,7.184609114873151e-06,2.3666746486032197e-06,32.086589000187814
1769,1978,0.00045844404283283024,0.00036248424157976573,7.174465679094242e-06,2.42151444621221e-06,32.104133238084614
1770,1979,0.00045781204120858834,0.00036185742572660413,7.091850893770036e-06,2.5036106544283826e-06,32.12160701211542
1771,1980,0.0004571978577435912,0.00036093893270393556,7.132095333539257e-06,2.4937971704263086e-06,32.13911118544638
1772,1981,0.0004565175488326281,0.0003596537367362459,7.230229551865779e-06,2.456151657772442e-06,32.156609643250704
1773,1982,0.00045588422545152094,0.00035941499566401604,7.348860238954858e-06,2.2980627397956326e-06,32.174138244241476
1774,1983,0.00045516029493523815,0.0003572040976988211,7.511024440070866e-06,2.284595283570841e-06,32.191690722480416
1775,1984,0.00045460445420689817,0.00035604764929202565,7.555897439967866e-06,2.2997830515193854e-06,32.20921593159437
1776,1985,0.0004538873007169723,0.00035496787428675696,7.5949173790726944e-06,2.297025263948839e-06,32.22670236416161
1777,1986,0.00045346152002330496,0.0003540760757888652,7.644128850214112e-06,2.294415573229867e-06,32.244151768274605
1778,1987,0.0004529975085209493,0.0003536028961194089,7.687960331970153e-06,2.251500908183894e-06,32.26165549643338
1779,1988,0.0004523586887016677,0.0003537666559438625,7.595642826922057e-06,2.263560448858469e-06,32.27918720524758
1780,1989,0.0004518292353748293,0.0003534609304743481,7.612786935677363e-06,2.2240435543707506e-06,32.29686114564538
1781,1990,0.00045132985475671657,0.00035272595467086295,7.6433245710764e-06,2.217065437508959e-06,32.31527825072408
1782,1991,0.00045094152952711666,0.000351657997088052,7.704884862422764e-06,2.2234683814837002e-06,32.33338970504701
1783,1992,0.00045052029425658686,0.0003504386332975872,7.726245154662018e-06,2.2819209412379533e-06,32.35082456190139
1784,1993,0.0004500140767408366,0.0003491026338222394,7.788122835251313e-06,2.3030214566084074e-06,32.36838692985475
1785,1994,0.00044925061487509653,0.00034719711094502356,7.812800824306856e-06,2.392549568700443e-06,32.38599070813507
1786,1995,0.0004486353720580368,0.00034585800332804064,7.89233610944349e-06,2.3854007635561283e-06,32.40359841659665
1787,1996,0.00044773362889195627,0.00034490500658715915,7.81272232720185e-06,2.470139903277865e-06,32.42115877568722
1788,1997,0.0004471517859130573,0.0003446930577628815,7.773464593906817e-06,2.4724082211107672e-06,32.43954517133534
1789,1998,0.0004466191183379849,0.0003452066433978271,7.64226282537584e-06,2.4989846686399385e-06,32.457546040415764
1790,1999,0.0004461676391045394,0.0003451165311263041,7.5715116122703505e-06,2.5335991855531833e-06,32.47519064228982
1791,2000,0.00044525539245478143,0.0003442060426353183,7.465233917860348e-06,2.6397010640859645e-06,32.492659874260426
1792,2001,0.00044459784773085375,0.00034365155257265077,7.451176245574588e-06,2.6434532702457127e-06,32.5101564405486
1793,2002,0.00044399716367090513,0.00034328136066900456,7.439342866849325e-06,2.6322374333407323e-06,32.527952652424574
1794,2003,0.00044321422438559825,0.00034306719410739494,7.4399574315216285e-06,2.574745596298702e-06,32.54550231806934
1795,2004,0.0004421138365553857,0.00034303106561633413,7.4006155225073025e-06,2.50766157139785e-06,32.56304767820984
1796,2006,0.0004415789592643123,0.00034300367438674624,7.421379510920436e-06,2.4361489768361647e-06,32.58671116363257
1797,2007,0.0004403400161559545,0.000343095911979176,7.337227211813902e-06,2.3871832058639505e-06,32.60477912891656
1798,2008,0.00043972277853022393,0.000343249050308267,7.2323082249254965e-06,2.415064597270195e-06,32.62229293677956
1799,2009,0.0004394154916098826,0.0003431430314138288,7.161169959953348e-06,2.4660760596520304e-06,32.639813689514995
1800,2010,0.00043923867714330475,0.00034211220572862044,7.2433661251595105e-06,2.4692810163089214e-06,32.65805800445378
1801,2011,0.0004386934106501383,0.0003420707125948282,7.226457073917765e-06,2.435812731613244e-06,32.675575328059494
1802,2012,0.0004382643995721934,0.00034173786858759903,7.19969754659371e-06,2.45295555186573e-06,32.69312721770257
1803,2013,0.0004378480369512141,0.00034186583048460357,7.212194171666202e-06,2.386026474994848e-06,32.71067050471902
1804,2014,0.0004374352293287808,0.0003418777806928017,7.1882745614720275e-06,2.3674703021258757e-06,32.72817780263722
1805,2015,0.00043711606230199373,0.00034235971309322426,7.1112225889710225e-06,2.3644123319059264e-06,32.74576582480222
1806,2016,0.0004369372689483414,0.0003430686123501675,7.004895023533649e-06,2.3819706362837374e-06,32.764146242290735
1807,2017,0.0004368134589778108,0.00034318809129091577,7.0119538070114415e-06,2.3505829616780646e-06,32.781773773021996
1808,2018,0.00043658361576347324,0.00034312455820797885,6.971795322599324e-06,2.3741104329501202e-06,32.7994046388194
1809,2019,0.00043627358831002335,0.0003427462905913998,6.953331334524707e-06,2.3993984373376447e-06,32.81698122899979
1810,2020,0.0004361162153154408,0.00034263809847730463,6.918318852204295e-06,2.429492831609315e-06,32.834617391228676
1811,2021,0.0004359428952883586,0.0003423626054735434,6.8939191126488e-06,2.4641098688327203e-06,32.85217529442161
1812,2022,0.0004357636492861353,0.00034247691499533333,6.854722234828905e-06,2.473951194251293e-06,32.869795895181596
1813,2023,0.00043555209832861957,0.0003420503185357553,6.855375711939365e-06,2.4948022673470642e-06,32.887735802680254
1814,2024,0.00043537655423586983,0.0003423391786107929,6.797414237159122e-06,2.5063233253485675e-06,32.905364310368896
1815,2025,0.0004351506358729613,0.0003421067503750759,6.806982282576397e-06,2.497406267212141e-06,32.922921494580805
1816,2026,0.0004348354571396543,0.0003418467577657123,6.788446473066074e-06,2.5104234643281305e-06,32.9404789255932
1817,2028,0.0004346407721320853,0.000341683938759519,6.818968289703559e-06,2.4767150475530706e-06,32.96473290864378
1818,2029,0.0004344122401636801,0.0003416776529480781,6.77130068139101e-06,2.502158040169182e-06,32.98234066646546
1819,2030,0.00043419411623370945,0.0003414085093191764,6.753967311077156e-06,2.524593380376149e-06,33.00002661254257
1820,2031,0.0004340991605080932,0.00034125693071872774,6.730142580842493e-06,2.5540803980940512e-06,33.01765930745751
1821,2032,0.0004338990982410086,0.00034092075080696595,6.748581327313195e-06,2.5492534160910686e-06,33.0352770620957
1822,2033,0.0004337847327319953,0.0003405708058922704,6.771363552514647e-06,2.550029131457842e-06,33.05320161487907
1823,2034,0.00043367733566777395,0.00034028097941800285,6.801618523659559e-06,2.538017101317551e-06,33.07079543918371
1824,2035,0.0004336376803821556,0.00033971771089362794,6.831570960197533e-06,2.560425988655235e-06,33.08833293244243
1825,2036,0.0004335842413676927,0.00033992831327194346,6.834407322466496e-06,2.5311854871084266e-06,33.106006879359484
1826,2037,0.0004335189372627786,0.0003402154877349819,6.8427483312766755e-06,2.4875966215029885e-06,33.12356624379754
1827,2038,0.00043345287283545454,0.0003403963176431368,6.843401462930665e-06,2.4622540563011125e-06,33.14113511145115
1828,2039,0.00043337335726930884,0.0003405701839896314,6.853286078733208e-06,2.4270312492345345e-06,33.1586808366701
1829,2040,0.00043329155368230414,0.00034081893012486694,6.830685454077434e-06,2.4165769016662895e-06,33.17620644159615
1830,2041,0.00043319546714232974,0.0003410688367394364,6.802214955259354e-06,2.4104480850299812e-06,33.19378803204745
1831,2042,0.00043307827140727983,0.00034150874654470455,6.745374342453504e-06,2.411578143804026e-06,33.21133446972817
1832,2043,0.00043295532059204256,0.0003416700224716112,6.69437292311875e-06,2.434156888924384e-06,33.22897107433528
1833,2044,0.00043277133969727306,0.0003417963216577042,6.644276872505681e-06,2.453224931451203e-06,33.246505888178945
1834,2045,0.0004325933764757752,0.00034199652312971355,6.602307542052443e-06,2.4573777925537206e-06,33.264050314202905
1835,2046,0.0004323615195990189,0.00034224171173438065,6.573205326525826e-06,2.438775459937995e-06,33.28162696585059
1836,2047,0.00043205285982888815,0.0003427700456338373,6.513707429556245e-06,2.414573989948842e-06,33.29916236922145
1837,2048,0.0004315675820029672,0.0003437503411492092,6.447469289571064e-06,2.3342547958047383e-06,33.316712223924696
1838,2049,0.00043138432503849914,0.00034467304618538005,6.3253826667163485e-06,2.345745218595563e-06,33.33424325287342
1839,2050,0.0004306891050193129,0.0003448502817949655,6.262976050658406e-06,2.320906271776334e-06,33.35171618219465
1840,2051,0.00043035181497482963,0.0003452448555391551,6.195247333227971e-06,2.3154486103394767e-06,33.36921302322298
1841,2052,0.0004300460521832416,0.00034512304429135836,6.1177677744948946e-06,2.37453301469343e-06,33.38681872840971
1842,2053,0.00042968198474531015,0.0003459051860592153,6.031282217747393e-06,2.346397650862092e-06,33.40438790619373
1843,2054,0.0004294649589544637,0.00034534632717061635,6.039533686261927e-06,2.3723294921228087e-06,33.42188368178904
1844,2055,0.00042929213103839575,0.0003453644833088819,6.016845195107822e-06,2.3759195778435603e-06,33.43935686163604
1845,2056,0.00042911560883161803,0.000345812406509013,5.968469290250472e-06,2.3618509420100326e-06,33.45683203171939
1846,2057,0.00042893313572922825,0.0003465876203381715,5.905998313196276e-06,2.3285532259094026e-06,33.47441107686609
1847,2058,0.0004288467589694734,0.00034716982357172794,5.86027030183334e-06,2.3074232379412036e-06,33.4918561372906
1848,2059,0.00042860255345093036,0.0003475442229694428,5.820254699738353e-06,2.285578348410406e-06,33.50934035051614
1849,2060,0.00042837443651126775,0.0003474668800217876,5.808207856473364e-06,2.282547792474652e-06,33.52686099242419
1850,2061,0.0004282747395323393,0.0003481259663377831,5.778373852461622e-06,2.236503466994001e-06,33.54435720574111
1851,2062,0.00042799227614552293,0.0003474451540433173,5.7904549170169615e-06,2.2642572932035967e-06,33.56217947881669
1852,2063,0.0004278085597532366,0.00034687004925400755,5.8211198758542355e-06,2.2727311740686707e-06,33.57967501040548
1853,2064,0.0004275070242876548,0.0003467615008267742,5.8498152368656635e-06,2.2247371092223977e-06,33.59756805654615
1854,2065,0.00042730083032548776,0.00034598486740671316,5.8574648781875484e-06,2.274131413689911e-06,33.615078477188945
1855,2066,0.0004271040284136449,0.00034535677807975845,5.875875434143983e-06,2.2988495992446578e-06,33.63317796587944
1856,2067,0.0004270556409510515,0.00034524310195706563,5.859707410815368e-06,2.321546488583219e-06,33.65071905218065
1857,2068,0.00042697958869922616,0.0003453215758948251,5.863250575875627e-06,2.302550704564481e-06,33.669486054219306
1858,2069,0.00042692204419683986,0.00034540592469349237,5.879880812681545e-06,2.271731137653202e-06,33.68700141366571
1859,2070,0.00042687874204308085,0.0003453896492112972,5.894046706261314e-06,2.254862576917046e-06,33.70461554080248
1860,2071,0.0004268481171378746,0.00034537100513879664,5.920618307417281e-06,2.227092892490516e-06,33.722124989144504
1861,2072,0.00042681690106780745,0.00034528550815403325,5.921263606383979e-06,2.2318756849934435e-06,33.739684463478625
1862,2073,0.00042677757004181164,0.0003452075614840992,5.921197578722507e-06,2.2358032770487355e-06,33.75727185700089
1863,2074,0.0004267103967330487,0.00034516376749182124,5.905437811941332e-06,2.2492251121814116e-06,33.77480102516711
1864,2075,0.00042663966509710264,0.0003453232500664184,5.880989938601539e-06,2.2506515644668866e-06,33.79228502884507
1865,2076,0.0004265616889369334,0.00034545611070797567,5.856812494467999e-06,2.2537453284277718e-06,33.809892907738686
1866,2077,0.0004264632143282745,0.0003456132697100289,5.839750936450754e-06,2.2452435253738036e-06,33.82740807067603
1867,2078,0.00042634871575238873,0.0003454682594432408,5.857517865086059e-06,2.2305277658287327e-06,33.84489901829511
1868,2079,0.0004262026392981925,0.00034527809277532103,5.873785597156217e-06,2.218669055130926e-06,33.86240580864251
1869,2080,0.0004260293360430621,0.0003449976175712567,5.898644053163975e-06,2.2045277940165693e-06,33.87989283166826
1870,2081,0.000425841023020697,0.00034395531916665015,5.960109491244432e-06,2.2284608941602503e-06,33.89752827771008
1871,2082,0.000425552245021881,0.0003435265627655723,5.9838976612637435e-06,2.218670564367125e-06,33.91500215418637
1872,2083,0.0004252033045030755,0.00034262210494373843,6.012684785618321e-06,2.245435170315381e-06,33.932529743760824
1873,2084,0.0004249001273428536,0.0003414389001139025,6.072396326446656e-06,2.273726396448456e-06,33.9510577050969
1874,2085,0.00042467364288760744,0.0003411409259646692,6.095259174538145e-06,2.2580125177556824e-06,33.968618982471526
1875,2086,0.0004244571675991645,0.0003412520479710617,6.121489734831452e-06,2.1990222279788244e-06,33.98617810290307
1876,2087,0.0004242722487032415,0.0003411468171640744,6.1091043989503716e-06,2.203438754966342e-06,34.00382940284908
1877,2088,0.00042408581468184986,0.0003419413282756803,6.068056132086625e-06,2.1463925085303305e-06,34.02173775341362
1878,2089,0.0004238830301073343,0.0003421564391429675,6.051835016672859e-06,2.1208240797638178e-06,34.03941499069333
1879,2090,0.0004236333073948768,0.00034231205122090685,6.004651942345837e-06,2.1274736750511556e-06,34.056942788884044
1880,2091,0.00042342651979174553,0.00034245242042289656,5.9264495191542865e-06,2.1709604177306052e-06,34.07476119417697
1881,2092,0.00042316847026192594,0.0003428687552876764,5.89559840343802e-06,2.134373093986934e-06,34.09222121350467
1882,2093,0.0004229101779852979,0.000343473155313879,5.820287959840164e-06,2.123414307301724e-06,34.109733829274774
1883,2094,0.00042271239994567337,0.0003439700592970842,5.830718596926629e-06,2.0435154679322867e-06,34.12724468484521
1884,2095,0.0004225089254619546,0.0003443583358735,5.806043285279238e-06,2.009015673566227e-06,34.1447886377573
1885,2096,0.00042223607520998135,0.00034435264818195616,5.778142601164468e-06,2.0102001016380463e-06,34.162632591091096
1886,2097,0.0004220177737437571,0.0003444468168898236,5.804107799089551e-06,1.9529878863037986e-06,34.180151297710836
1887,2098,0.0004217265036916229,0.00034422756037795444,5.803976541636711e-06,1.945917789730132e-06,34.19769109133631
1888,2099,0.0004214324115899893,0.0003439332805699346,5.783705059040549e-06,1.9662080429649226e-06,34.21519316267222
1889,2100,0.00042092326260022067,0.0003444676927615918,5.698298226720684e-06,1.9472587571422077e-06,34.23268505837768
1890,2101,0.00042043398707972173,0.0003455183853585371,5.569862570074325e-06,1.9216976020441395e-06,34.25016628950834
1891,2102,0.0004199820823403978,0.00034635111693919753,5.428243412970955e-06,1.9348531271490683e-06,34.26764928828925
1892,2103,0.00041976464746600886,0.0003477141005971666,5.336193600219051e-06,1.868861086665173e-06,34.28617531340569
1893,2104,0.0004194487755311008,0.0003470290587732273,5.318932633155532e-06,1.9230390426318265e-06,34.303814495913684
1894,2105,0.00041915426865760607,0.00034649911202339984,5.326384729115842e-06,1.9391309343047815e-06,34.32139746285975
1895,2106,0.0004189261282153525,0.0003462376784687005,5.311599596064303e-06,1.9572453786009027e-06,34.33899032510817
1896,2107,0.00041870659254937044,0.0003464294268072373,5.2838309221853065e-06,1.943885652028004e-06,34.356477446854115
1897,2108,0.00041846143098690704,0.0003470023514300818,5.237434507478354e-06,1.908473448204171e-06,34.375034858472645
1898,2109,0.000418193544023222,0.00034713393420938754,5.188575716612443e-06,1.917385264771004e-06,34.392524044029415
1899,2110,0.0004179012497680017,0.0003475356889332756,5.128632497337622e-06,1.9079235861349834e-06,34.410058544017375
1900,2111,0.0004176930860176621,0.00034708922314746944,5.1350484735420206e-06,1.925337813477246e-06,34.427598387002945
1901,2112,0.00041742357920036995,0.0003466005332446244,5.1676526092730775e-06,1.9146519863014757e-06,34.44509976822883
1902,2113,0.00041711503227666704,0.00034606392297831674,5.205296020632194e-06,1.8998149092028303e-06,34.46256713755429
1903,2114,0.0004166585069286693,0.00034573108064762795,5.289061593609082e-06,1.8036810344950567e-06,34.48007105477154
1904,2115,0.00041582434939126925,0.0003449505436138976,5.365939162702165e-06,1.7214414150350004e-06,34.49760479480028
1905,2117,0.0004152133557095227,0.00034492360349912764,5.383035698076322e-06,1.64593952296318e-06,34.52158402930945
1906,2119,0.00041458569239238364,0.00034524602696357325,5.296168789933237e-06,1.6377977529478044e-06,34.54523500986397
1907,2121,0.0004140086757880073,0.00034474017280746523,5.282614031811712e-06,1.6442362662424982e-06,34.56882340274751
1908,2122,0.0004137656356037001,0.00034487286848856213,5.342558543359451e-06,1.5467181681543449e-06,34.586380207911134
1909,2123,0.0004128780890761805,0.0003439528238682855,5.262746459378906e-06,1.6297800614105882e-06,34.60404048115015
1910,2124,0.00041239420876607643,0.00034267109046084163,5.2894912769949436e-06,1.682820553528533e-06,34.62155344802886
1911,2125,0.00041188605970958947,0.00034178188150038786,5.305016359354636e-06,1.7054014615655248e-06,34.63915285747498
1912,2126,0.00041134636280638757,0.000339957836301157,5.517757993220029e-06,1.6210946573030233e-06,34.65659617818892
1913,2127,0.00041082689519892864,0.00033957506994859797,5.5095766819009756e-06,1.6156058431320943e-06,34.67410036921501
1914,2128,0.00041045932865814514,0.00033931329335394074,5.518974886001653e-06,1.595628644418781e-06,34.69157551508397
1915,2129,0.00040992048799717515,0.0003383457971147879,5.54597315090001e-06,1.6114959373387102e-06,34.70916148927063
1916,2130,0.0004096302506566185,0.0003380983047095786,5.5844005010929105e-06,1.5687940936110794e-06,34.727045789361
1917,2131,0.00040932588922118495,0.0003380887349060438,5.552570305080714e-06,1.5711451264334019e-06,34.74449994601309
1918,2132,0.000409120800847227,0.0003383142328203862,5.523912133317641e-06,1.5567446693664328e-06,34.76198259089142
1919,2134,0.00040894391577280973,0.00033875530678758106,5.475640123519744e-06,1.5432207750031232e-06,34.78568224515766
1920,2135,0.0004087962783557447,0.0003389109472275009,5.450212573044153e-06,1.5383205397802302e-06,34.80331518407911
1921,2136,0.00040869448204832923,0.0003387775677128408,5.4374476413593e-06,1.5542437921895468e-06,34.820813422091305
1922,2137,0.00040855591577809876,0.00033921696470748993,5.395954199722132e-06,1.5379409073387524e-06,34.83830310590565
1923,2138,0.00040846814933216056,0.0003389733711693703,5.416592995488709e-06,1.532884820790318e-06,34.85583811905235
1924,2139,0.00040828797929989965,0.0003381994964923605,5.498782280217279e-06,1.510066000536639e-06,34.87335758563131
1925,2140,0.00040817299635610097,0.0003377582548457045,5.527392519553392e-06,1.5140816314862535e-06,34.89095631334931
1926,2141,0.00040795085643969365,0.0003374484561015888,5.560101796099875e-06,1.4901382377106084e-06,34.90855701081455
1927,2142,0.0004076680089054658,0.0003366720341961933,5.600746012056163e-06,1.4988514588710904e-06,34.926447466015816
1928,2143,0.00040740092860034347,0.0003375055204056847,5.527400507926535e-06,1.4621403115393395e-06,34.943963958881795
1929,2144,0.0004070890311490035,0.00033785150305793837,5.439983973787023e-06,1.4837688353194909e-06,34.9615506734699
1930,2145,0.00040684879860055734,0.0003377660514953753,5.37296033762798e-06,1.5353143728902206e-06,34.979005578905344
1931,2146,0.00040651801337624925,0.00033748351809924175,5.339945278905528e-06,1.5635042487952251e-06,34.99655998125672
1932,2147,0.00040619498633974775,0.00033674153998527166,5.3173482489712575e-06,1.62799638647635e-06,35.01418679300696
1933,2148,0.0004059096764156536,0.00033566078158752186,5.398481455664919e-06,1.6264080271482547e-06,35.03168158978224
1934,2149,0.0004052911138245093,0.00033344731888829783,5.572770653553944e-06,1.6116088400672038e-06,35.049187345430255
1935,2150,0.000404916346424081,0.0003319593509321865,5.623714844907139e-06,1.6719847042823091e-06,35.06668482348323
1936,2152,0.0004043109105381034,0.0003309863297000888,5.703418147871726e-06,1.6290399359297357e-06,35.090307275764644
1937,2153,0.000403970277483078,0.00033164859206717755,5.587460083511322e-06,1.6447084580787216e-06,35.107890595681965
1938,2154,0.0004034895069964175,0.00033200115679328296,5.433605793031953e-06,1.7152292272814986e-06,35.12538746371865
1939,2155,0.00040306648392490573,0.0003312416445010371,5.4465942351893365e-06,1.7358897071975272e-06,35.14288921840489
1940,2156,0.00040269085573933804,0.0003291683308850576,5.626050058863179e-06,1.7262024265648645e-06,35.160387609153986
1941,2158,0.00040240124513209,0.00032779284647683663,5.693975579781271e-06,1.7668642857440667e-06,35.18400847539306
1942,2159,0.00040222817584646177,0.0003271920336454236,5.694102481704148e-06,1.8095117383996647e-06,35.201626198366284
1943,2160,0.00040193228421956366,0.00032665218439079596,5.7541173152723905e-06,1.7738926676043805e-06,35.21919081360102
1944,2161,0.0004016911588631015,0.00032611266741065526,5.7966644629993675e-06,1.761184682245253e-06,35.236820231191814
1945,2162,0.0004014101548148643,0.0003257668207000252,5.793190305557477e-06,1.7711431059264337e-06,35.254359148442745
1946,2163,0.00040112749634240005,0.00032594892013201876,5.750314793032804e-06,1.7675428280053297e-06,35.27198187727481
1947,2164,0.0004009261022907501,0.00032579168094111564,5.728077375836509e-06,1.7853647591269351e-06,35.28959734458476
1948,2165,0.00040079108055160543,0.0003259335453584785,5.719324023145396e-06,1.7664294961672945e-06,35.30726483929902
1949,2166,0.0004006264325913903,0.00032541424263816965,5.764292980584362e-06,1.7569260147377053e-06,35.32478048186749
1950,2167,0.00040042695755792017,0.0003252875502484182,5.769512884375182e-06,1.7444278465750146e-06,35.34237029403448
1951,2168,0.0003999917927957489,0.00032482235602298334,5.772441415725484e-06,1.744502261551077e-06,35.35989955533296
1952,2169,0.00039972305469213715,0.0003251514777888472,5.71810729100854e-06,1.7390503993204567e-06,35.37744350545108
1953,2170,0.00039943495867747947,0.0003242980360147548,5.726476251551496e-06,1.7872160147209742e-06,35.39498448278755
1954,2171,0.00039919898725597654,0.000324525033054056,5.721569285511956e-06,1.7458261346800938e-06,35.41251377388835
1955,2172,0.0003989340430782929,0.00032422147243641586,5.765289605063457e-06,1.705967459124248e-06,35.43005113862455
1956,2173,0.00039864376879942696,0.0003241060137941234,5.782616197731431e-06,1.6711593027989254e-06,35.44757599849254
1957,2174,0.0003984125328775284,0.00032422436163135666,5.782035419548506e-06,1.6367817050686691e-06,35.46509096957743
1958,2175,0.00039820882031500965,0.00032472772814367445,5.732624339187711e-06,1.6154848779458069e-06,35.48260969109833
1959,2176,0.0003980176532017816,0.00032473973558963667,5.701524641392147e-06,1.626267119822343e-06,35.50018222536892
1960,2177,0.0003977715304797683,0.0003247573680322867,5.699879302301621e-06,1.6015369424465462e-06,35.517776562832296
1961,2178,0.0003975274665798497,0.0003244739913660512,5.709817759455359e-06,1.5955297619244885e-06,35.535332694649696
1962,2179,0.00039721276577465764,0.0003236571436946996,5.795234252360467e-06,1.5603279556353319e-06,35.55288242455572
1963,2180,0.00039701481853267556,0.00032343118411429624,5.802653016858443e-06,1.5557104249794927e-06,35.570391428656876
1964,2181,0.00039683027856670376,0.00032346690057036097,5.797010936930046e-06,1.539326862704233e-06,35.58805076777935
1965,2183,0.000396695389917808,0.00032344268614525147,5.781128277107532e-06,1.5441421001481207e-06,35.61173799727112
1966,2184,0.00039657481466057393,0.0003232310591628333,5.795325678206037e-06,1.539049871568026e-06,35.629188446328044
1967,2185,0.0003964665455002296,0.000322903952380221,5.7957074071991575e-06,1.560551904801704e-06,35.6466469746083
1968,2186,0.00039633805542646446,0.00032225428080689505,5.83176873550318e-06,1.5766087264537627e-06,35.66411152202636
1969,2187,0.0003962387928892423,0.00032203324383331085,5.8464017863594714e-06,1.5741531192336752e-06,35.682143881917
1970,2188,0.0003961871694840793,0.00032179784450251834,5.858480577733154e-06,1.5804519204229456e-06,35.69972021970898
1971,2189,0.0003960397081152114,0.00032211384343604465,5.828051342999335e-06,1.5645351249173426e-06,35.71721426490694
1972,2190,0.00039596058916392793,0.0003222776480247068,5.819201029182126e-06,1.5490930847399862e-06,35.73470700252801
1973,2191,0.00039589603317170206,0.00032243455875766196,5.793768138716704e-06,1.5523793026873065e-06,35.75220133271068
1974,2192,0.00039585581073122106,0.00032250814477665263,5.7853675308101306e-06,1.549399064646715e-06,35.769669249653816
1975,2193,0.0003958099750277674,0.000322321064714522,5.796574824702091e-06,1.5523162066224469e-06,35.78724044468254
1976,2194,0.0003957251947978144,0.0003223611073798724,5.789022885042327e-06,1.5473858567518753e-06,35.80484333913773
1977,2195,0.00039565156368095744,0.00032247846664541584,5.765219537264854e-06,1.5520901662893067e-06,35.82231331150979
1978,2196,0.00039556897424655735,0.0003226277911147646,5.748096495805283e-06,1.5460218173739925e-06,35.83984078839421
1979,2197,0.0003954363866251873,0.00032305329210642446,5.710679202240373e-06,1.5276302496359112e-06,35.85735679231584
1980,2198,0.0003952814707370273,0.00032321374425773485,5.670784008974057e-06,1.5359886389551887e-06,35.87485828436911
1981,2199,0.00039501890002951795,0.000323099277516589,5.647575008190396e-06,1.544387243102494e-06,35.89245204348117
1982,2200,0.00039486965887585904,0.0003221730346008581,5.6903393166605776e-06,1.5793231108395198e-06,35.91001308429986
1983,2201,0.00039465930055395396,0.00032115468586813614,5.777716253067729e-06,1.5727452155140546e-06,35.92747584544122
1984,2202,0.00039454083997925236,0.00032141196778035517,5.751502259129233e-06,1.5613849607604864e-06,35.94496013224125
1985,2203,0.00039445450180612094,0.00032158523289462334,5.732905967654248e-06,1.554020923495514e-06,35.963060398586094
1986,2204,0.00039435697607287964,0.0003216363262985835,5.727350771863744e-06,1.5447142055658718e-06,35.98059487529099
1987,2205,0.0003942417682754745,0.0003213845483929719,5.736630506017783e-06,1.549091482232475e-06,35.99807085376233
1988,2206,0.000394176646343308,0.0003210842505114769,5.749410731829322e-06,1.5598288513537913e-06,36.015593061223626
1989,2207,0.0003940931244336446,0.0003209434557245854,5.743006200658605e-06,1.5719606702473116e-06,36.03315257746726
1990,2208,0.0003939804591330374,0.0003207080335230471,5.733121714676931e-06,1.5941208463221018e-06,36.050613331608474
1991,2209,0.00039384533438451555,0.00032073133325976065,5.713489448925612e-06,1.5979106635498773e-06,36.0681042606011
1992,2210,0.00039368910051999203,0.00032117387266465024,5.654942889772214e-06,1.5965798957619613e-06,36.08556663244963
1993,2211,0.00039351257464012286,0.0003215883365611104,5.61485182462289e-06,1.5775719832783524e-06,36.103222696110606
1994,2212,0.0003933850152251271,0.00032231100571114655,5.588033314714274e-06,1.5193676366837823e-06,36.120748648419976
1995,2213,0.0003932955216961166,0.00032265008102872904,5.5410542553180464e-06,1.5234898114207038e-06,36.138279368169606
1996,2214,0.000393176479889235,0.0003228463333249323,5.530458560231884e-06,1.5025560961983823e-06,36.155752218328416
1997,2215,0.0003930709647076662,0.0003226813526391907,5.544504750213408e-06,1.494456456634144e-06,36.173230472020805
1998,2216,0.00039305614155473524,0.00032239266129353665,5.562765572869495e-06,1.5035824532503627e-06,36.191556508652866
1999,2217,0.00039296652124194085,0.000322282909038469,5.567716337632246e-06,1.5006448827149374e-06,36.20913190860301
2000,2218,0.0003929081817447085,0.0003224955656570993,5.54175341067497e-06,1.4995081980859506e-06,36.22661209106445
2001,2220,0.00039281100006199996,0.00032243006385507586,5.528156723408378e-06,1.509936897284034e-06,36.24979365989566
2002,2221,0.00039272404091663933,0.00032277236438101265,5.50038281008212e-06,1.4947848434805508e-06,36.26658042613417
2003,2222,0.0003925944612495216,0.0003229270807925115,5.484474754072057e-06,1.4822632916289538e-06,36.28473558835685
2004,2223,0.0003924312189267979,0.0003232529178502351,5.455141270806848e-06,1.4626888368494323e-06,36.30168670415878
2005,2224,0.0003922051192263513,0.00032358892492585187,5.431331375912586e-06,1.430288054137359e-06,36.31855589430779
2006,2225,0.0003919327462748418,0.00032352262879301204,5.425990782985148e-06,1.415020965197826e-06,36.335479866713285
2007,2226,0.00039163483861590743,0.0003230994511457318,5.4625483523590275e-06,1.3909903946585346e-06,36.35249018575996
2008,2227,0.0003913614585875449,0.0003225536336006136,5.477798142619684e-06,1.4029843560734445e-06,36.369906212203205
2009,2228,0.0003911743338651171,0.0003216511494128733,5.506586383788334e-06,1.445732061436043e-06,36.386914137750864
2010,2229,0.0003910466620236157,0.0003217795191503947,5.518837722999102e-06,1.4078765643229942e-06,36.404076418839395
2011,2230,0.00039068852818106506,0.00032176407883427054,5.457054820026701e-06,1.435390114652748e-06,36.42112207226455
2012,2231,0.0003904682184470271,0.00032145459897404543,5.424637422873964e-06,1.4767245244242036e-06,36.438174097798765
2013,2232,0.00039022023941123155,0.0003213562633646331,5.38953443292987e-06,1.4968631717299763e-06,36.45539663080126
2014,2233,0.00038982679590457946,0.0003210680997937518,5.36901015339044e-06,1.5068594576923261e-06,36.47259344626218
2015,2234,0.00038951359977053843,0.00032076074841641246,5.323262416934188e-06,1.5520227184784099e-06,36.48975027631968
2016,2235,0.0003892964455518571,0.0003202786134233282,5.340910496846689e-06,1.5608727160061976e-06,36.50701122637838
2017,2236,0.0003891606860004671,0.00031996399132015404,5.332505873924778e-06,1.5871635941065264e-06,36.52413699775934
2018,2237,0.00038904291798900077,0.0003196965961124061,5.3297111522026185e-06,1.6049210354568473e-06,36.54130332171917
2019,2238,0.00038890664256902566,0.0003196569951075739,5.3343709016694545e-06,1.5905938444757231e-06,36.55846903659403
2020,2239,0.0003887177789732273,0.0003193162900937737,5.334405678180965e-06,1.6057432097643971e-06,36.57570069935173
2021,2240,0.00038832878480067693,0.0003188268902289302,5.33627185700071e-06,1.6139176001739636e-06,36.592967198230326
2022,2242,0.0003881696227340599,0.00031859120432104924,5.331583223337899e-06,1.6262586179631691e-06,36.61622726265341
2023,2243,0.0003877214087477347,0.00031887786342143446,5.274760525774164e-06,1.6095940068558657e-06,36.633540568873286
2024,2244,0.0003869960800008467,0.0003190849531311547,5.229061539513428e-06,1.5620511474557666e-06,36.65087893418968
2025,2245,0.0003862863592557372,0.0003198326927827362,5.129544620880453e-06,1.515822026419648e-06,36.66826898325235
2026,2246,0.00038588721588377544,0.00031960304772262295,5.082228890534547e-06,1.546187925580705e-06,36.6856859093532
2027,2247,0.00038553042111347176,0.0003195844215801432,5.141387433891248e-06,1.4532125194416058e-06,36.70316575653851
2028,2249,0.00038532510242038446,0.00031955621156001785,5.10469679458409e-06,1.4721922914525724e-06,36.72661382611841
2029,2250,0.00038492960046876456,0.00031875957216955815,5.1380240024028305e-06,1.4789788275178142e-06,36.74416624754667
2030,2251,0.00038460477992438536,0.00031841757699332057,5.13074970143268e-06,1.4879705916738002e-06,36.7616606336087
2031,2252,0.00038406571663954193,0.0003185292730176382,5.058405346792958e-06,1.4952390153974175e-06,36.779152303002775
2032,2253,0.0003836818664435247,0.000319157667019996,4.981478178998537e-06,1.4709417633543318e-06,36.79665463324636
2033,2254,0.0003832426088125778,0.0003193274968665968,4.88672443193685e-06,1.5047867626612524e-06,36.814189662225544
2034,2255,0.000382742436886541,0.00032070374319485487,4.7228620131995e-06,1.481007355969116e-06,36.83179820422083
2035,2256,0.0003820844718965343,0.0003204753640487769,4.694498043189514e-06,1.4664127415862268e-06,36.849345286376774
2036,2257,0.00038156983528547214,0.0003203769625337611,4.574058194695632e-06,1.5452290804754668e-06,36.866829665377736
2037,2258,0.0003813866421817345,0.0003209143929853088,4.535429447674027e-06,1.5117954719685464e-06,36.88433691486716
2038,2259,0.000381005918823949,0.00032072485220215047,4.519709454416588e-06,1.5083972077632669e-06,36.90192130114883
2039,2260,0.0003808535085436896,0.00032153133825598513,4.464521661727985e-06,1.4676953670424645e-06,36.91939962748438
2040,2261,0.0003807004505656925,0.00032170447163179386,4.440582092533603e-06,1.4590158008562597e-06,36.93690570816398
2041,2262,0.0003805508967043736,0.00032155048855021676,4.438339403594803e-06,1.4617014118208777e-06,36.954523789696395
2042,2264,0.00038050068151064716,0.0003218482875405987,4.414690936054427e-06,1.4505484609504141e-06,36.97809848468751
2043,2265,0.0003804027270847218,0.00032191253655248516,4.4267582596245225e-06,1.422260793599141e-06,36.995713748037815
2044,2266,0.00038033533672565965,0.0003219553848814577,4.429019637068508e-06,1.4089755473516856e-06,37.013364248909056
2045,2267,0.00038030566536331273,0.00032203300671567635,4.416613855001e-06,1.4106520097626373e-06,37.03128943964839
2046,2268,0.00038027882513760257,0.00032212461795872707,4.401043656370233e-06,1.414377061517319e-06,37.04881230648607
2047,2269,0.00038024469992336846,0.0003221064252711089,4.388552383874407e-06,1.4252750813515486e-06,37.06634586676955
2048,2270,0.00038014438031655804,0.0003218796833806107,4.380008626395802e-06,1.44646106719893e-06,37.08386518806219
2049,2271,0.0003800466354286044,0.0003215329989011043,4.403301944598265e-06,1.4480617081517427e-06,37.101448111236095
2050,2272,0.0003799456676940711,0.00032147390907798456,4.402476130904772e-06,1.4446997307038793e-06,37.11900329962373
2051,2273,0.00037986554243373905,0.0003210626796671085,4.442702506688798e-06,1.4375837699742538e-06,37.13648767210543
2052,2274,0.00037980306323026744,0.0003209934868971787,4.464504814803424e-06,1.4164528185054526e-06,37.153987027704716
2053,2275,0.0003797377616692343,0.0003208651103309808,4.478333352049602e-06,1.4089317817757498e-06,37.171477833762765
2054,2276,0.0003796129277187574,0.00032102077262739597,4.467135961241033e-06,1.3920795478951103e-06,37.189501624554396
2055,2277,0.00037945902634297865,0.00032136856313232445,4.426369249536565e-06,1.3826770715288567e-06,37.207073740661144
2056,2278,0.0003792697009517471,0.0003221997201535886,4.339005450487421e-06,1.3679926293284312e-06,37.224555322900414
2057,2279,0.0003790247130523791,0.00032290739683335957,4.242932594594929e-06,1.3687990273070243e-06,37.242137340828776
2058,2280,0.0003788269551657377,0.000324263992141976,4.124395411678066e-06,1.3319008906981057e-06,37.25964988488704
2059,2281,0.00037862050246951747,0.0003240952934458045,4.104221207862674e-06,1.3482996945086213e-06,37.277658094652
2060,2282,0.0003784287113698775,0.0003239087812549983,4.101950858705538e-06,1.3500421527823836e-06,37.29527898132801
2061,2283,0.0003781585606630665,0.00032380526696835756,4.073212896494779e-06,1.3621164729761158e-06,37.31290412321687
2062,2284,0.0003779754660627927,0.0003239934273733975,4.0137640382025745e-06,1.384439830736948e-06,37.33039731439203
2063,2285,0.00037780239298250315,0.00032412209819817673,3.970374706999971e-06,1.3976547714326692e-06,37.34790442883968
2064,2286,0.00037766653852248,0.0003241105047102245,3.943506904980594e-06,1.4120964762449534e-06,37.3654257748276
2065,2287,0.00037754430379312987,0.0003240833138749863,3.926942525548549e-06,1.4191564662658088e-06,37.38303493335843
2066,2288,0.00037743474013544843,0.0003237596359708155,3.9370345081497215e-06,1.4304759083135699e-06,37.4006023760885
2067,2289,0.00037736236893100164,0.00032374222465683325,3.9367534860705e-06,1.4252609413463404e-06,37.418643661774695
2068,2290,0.000377313120696753,0.00032369097921653307,3.93169667452858e-06,1.4305174734934135e-06,37.436072825454175
2069,2291,0.0003772613271936682,0.0003239354247150273,3.9144813798413916e-06,1.4181088680226986e-06,37.45360406301916
2070,2292,0.0003772037936083162,0.0003240551982707967,3.893301703843259e-06,1.4215578299086911e-06,37.47118395101279
2071,2293,0.00037713304053642175,0.00032441015237024757,3.862577129950072e-06,1.4097116866673447e-06,37.488709543831646
2072,2294,0.0003770119350530007,0.00032475312814300673,3.828551776914567e-06,1.3973289140848255e-06,37.50632159411907
2073,2295,0.0003768472456953891,0.0003249063111435088,3.822818620819474e-06,1.3712748343685566e-06,37.523907547816634
2074,2296,0.00037670402206532456,0.00032516025808651533,3.8077456657286575e-06,1.3466307321522618e-06,37.54249578900635
2075,2297,0.00037656760295247946,0.0003248056086289721,3.854201850518337e-06,1.3219975818324028e-06,37.559923242777586
2076,2298,0.00037638850951600834,0.00032428894183482904,3.881659693456907e-06,1.3282970746610269e-06,37.577469798736274
2077,2300,0.0003762245252400564,0.0003242322737344933,3.887397424069505e-06,1.3118277264868088e-06,37.60127251408994
2078,2301,0.0003760538394103337,0.0003235724051056964,3.903290771457401e-06,1.3448526590063307e-06,37.61885785870254
2079,2302,0.0003758859915381404,0.000323890319425386,3.8742551536549705e-06,1.3253120576204703e-06,37.636814321391284
2080,2303,0.0003757903588158614,0.00032422651577097107,3.8509966135135226e-06,1.305387690975509e-06,37.6543644964695
2081,2304,0.0003756881807976965,0.0003241690140665582,3.84292107215606e-06,1.308995600957762e-06,37.672832453623414
2082,2305,0.00037560568521614396,0.0003240435858943787,3.844398290510162e-06,1.3118116416663634e-06,37.69093325641006
2083,2306,0.0003755417072454255,0.00032382981524876046,3.857443427369718e-06,1.3137457722967875e-06,37.708567064255476
2084,2307,0.0003754929882563657,0.00032352443832173346,3.8756345592130105e-06,1.3212204342502148e-06,37.7261134441942
2085,2308,0.0003754228222808369,0.0003234941113707193,3.878099051718756e-06,1.3147720392930022e-06,37.743742796592414
2086,2309,0.00037530995731015513,0.00032346801760507694,3.874073770028507e-06,1.3101202004793113e-06,37.76132332161069
2087,2310,0.00037526992771750293,0.00032359998871633286,3.868160000514307e-06,1.2988338996027031e-06,37.778857939876616
2088,2311,0.00037520207244078497,0.00032377120531441194,3.853024119123165e-06,1.2900625935141391e-06,37.796447024680674
2089,2312,0.0003750614375016368,0.0003238717717872967,3.845854226896591e-06,1.2731123445374164e-06,37.81509688217193
2090,2313,0.00037500827072154666,0.00032356768653303336,3.8526166276258265e-06,1.2914417912255023e-06,37.83270873967558
2091,2314,0.0003748371891484926,0.0003236786996834792,3.831470090005291e-06,1.2843788564960457e-06,37.85025932453573
2092,2315,0.00037477382186443795,0.00032366788124780344,3.82005027216185e-06,1.2905437895016016e-06,37.8678093617782
2093,2316,0.00037468722371744167,0.0003236798045619177,3.815746482039248e-06,1.2849954335131493e-06,37.88531308900565
2094,2317,0.0003746430803567904,0.0003231159883810417,3.835434330271091e-06,1.317274867303783e-06,37.90291555784643
2095,2318,0.00037455878083845925,0.00032321398826140797,3.827080083541837e-06,1.307399174163292e-06,37.92049434874207
2096,2319,0.0003744923997049402,0.00032335041041288155,3.814973394144443e-06,1.299225535061419e-06,37.938101472333074
2097,2320,0.0003744165445654959,0.00032343960866910813,3.8076864895005346e-06,1.290007100138246e-06,37.95569639466703
2098,2321,0.0003743833659477894,0.0003234946098789285,3.800429094353788e-06,1.2884465125322962e-06,37.973772210069
2099,2322,0.0003743511788157494,0.00032347388355694897,3.8034171472878492e-06,1.284312378592197e-06,37.99131063185632
2100,2323,0.0003743247164205914,0.000323484083377985,3.8047131968610617e-06,1.2793501073995784e-06,38.00904459692538
2101,2324,0.0003742916468248793,0.0003236515189435951,3.793299167613855e-06,1.270713620514561e-06,38.02656312659383
2102,2325,0.00037426151859936714,0.00032384541308022526,3.7794082539216946e-06,1.2622022979924921e-06,38.044157904572785
2103,2326,0.0003742135418188979,0.0003241242987764539,3.759181651358648e-06,1.2497426528857527e-06,38.06268169078976
2104,2327,0.00037415357143706803,0.00032432638579327113,3.7417824299130727e-06,1.2409361344666172e-06,38.08006882574409
2105,2328,0.0003740594047101759,0.00032440165391095873,3.733212482531911e-06,1.2325625973898059e-06,38.09768161736429
2106,2329,0.00037394318571420466,0.00032441241165261726,3.7325158255263907e-06,1.2205615806323482e-06,38.11529037449509
2107,2330,0.00037385727265786727,0.0003242156875367819,3.745754629261702e-06,1.2184038828468374e-06,38.132844695821404
2108,2331,0.0003736619066042775,0.0003240078896036144,3.7430263498565762e-06,1.2223753502097318e-06,38.150355321355164
2109,2332,0.00037349206862896645,0.00032407828609790464,3.738848559486206e-06,1.2025296936199713e-06,38.168235920369625
2110,2333,0.0003732221271496871,0.0003237627094903998,3.7352031720342196e-06,1.2107385938945058e-06,38.18577215541154
2111,2334,0.0003728893674592461,0.000323799166605119,3.7202566103700625e-06,1.1887634750426436e-06,38.203374681062996
2112,2335,0.0003724785667065237,0.00032363061709347283,3.711885809948699e-06,1.1729091513563896e-06,38.22089368849993
2113,2336,0.0003722152925364135,0.0003236751080910076,3.7405755607329885e-06,1.1134428838076034e-06,38.23838689085096
2114,2338,0.0003719323892082731,0.00032316175646073566,3.7571318593130173e-06,1.1199314154407305e-06,38.26195133291185
2115,2339,0.000371638312813746,0.000323040839653706,3.7516139037048592e-06,1.1081334122991378e-06,38.27952105086297
2116,2340,0.0003711564838930211,0.00032320279810077603,3.7425365427186244e-06,1.0528320365058863e-06,38.297198101878166
2117,2341,0.000370748509120542,0.0003231433077154909,3.7588952541709398e-06,1.0016248863341712e-06,38.31538895890117
2118,2342,0.00037030048051526267,0.00032321794415950323,3.737031538245036e-06,9.712220973309077e-07,38.33294303063303
2119,2343,0.0003697947764769571,0.0003227442407008442,3.651426209583934e-06,1.0536273680273555e-06,38.35147985816002
2120,2344,0.000369311434895428,0.00032345771300310803,3.5546996244552234e-06,1.0306725647767721e-06,38.369124305434525
2121,2345,0.00036883686884972463,0.0003243010249833623,3.441891613256723e-06,1.0116927733795086e-06,38.38661989942193
2122,2346,0.000368186838088826,0.00032358002751983663,3.492783767472941e-06,9.678972894259948e-07,38.40413830708712
2123,2347,0.000367958648552657,0.0003236420750982379,3.457690735626332e-06,9.739666098155716e-07,38.42169185820967
2124,2348,0.0003674279817899362,0.0003235088182520093,3.444339279834905e-06,9.475770739577856e-07,38.43920646049082
2125,2349,0.0003668410970691178,0.0003231119854149326,3.4009050780137964e-06,9.720060874047265e-07,38.456818487495184
2126,2350,0.0003661834897906151,0.0003221217085557791,3.4646541493774934e-06,9.415239741061048e-07,38.474948950111866
2127,2351,0.000365454401486632,0.00032089830592168297,3.530286091166367e-06,9.253234653285363e-07,38.4923614198342
2128,2353,0.00036508830018371324,0.0003194564273536248,3.603433238243295e-06,9.597540447655535e-07,38.51616059616208
2129,2355,0.0003647560908352778,0.00031794212135223776,3.7004310351244886e-06,9.809659131795146e-07,38.53979920968413
2130,2356,0.0003644654550536444,0.00031697905625531985,3.820700643661804e-06,9.279392361706562e-07,38.55735301133245
2131,2357,0.00036399071605975664,0.00031680186636572164,3.7846492485829697e-06,9.342357208205302e-07,38.574922259896994
2132,2358,0.00036340565066053724,0.0003162120526752051,3.7819197569795295e-06,9.374400415536855e-07,38.592481376603246
2133,2359,0.000363078172979104,0.00031554099977156323,3.842734046178094e-06,9.109832745759815e-07,38.610117172822356
2134,2360,0.00036256480351693534,0.000315716169737704,3.79666488153408e-06,8.881984963890554e-07,38.62763278372586
2135,2361,0.0003621590805252095,0.00031471459659216267,3.876311076205234e-06,8.681373170994526e-07,38.64524641633034
2136,2362,0.00036174864106836496,0.00031390191563566,3.931899940456564e-06,8.527726028139307e-07,38.662874430418015
2137,2363,0.0003612881447419817,0.00031251806026141995,4.044414465666562e-06,8.325939823896196e-07,38.680413553491235
2138,2364,0.0003611272905810338,0.00031187803008566147,4.082427754385198e-06,8.424982951520291e-07,38.69801633618772
2139,2365,0.00036089187506455815,0.0003113277136197452,4.134223685282241e-06,8.221924591990574e-07,38.716191751882434
2140,2366,0.0003607936488050356,0.0003112655145599401,4.133659991066418e-06,8.191534334431355e-07,38.73374469485134
2141,2367,0.00036067135773776694,0.0003114837957607507,4.0875826876594304e-06,8.311735100421945e-07,38.75129856914282
2142,2368,0.0003605153847076872,0.00031093003151005206,4.149907400451947e-06,8.08627919311566e-07,38.76884437631816
2143,2369,0.00036033736237377624,0.00031024409603456414,4.2245043935193245e-06,7.848222404018821e-07,38.78638652525842
2144,2370,0.00036012330208716004,0.00030980489964683566,4.256354043614752e-06,7.754862004176864e-07,38.80443084985018
2145,2371,0.0003599361213963092,0.0003095271349903382,4.266082871308642e-06,7.748157692884568e-07,38.82200308982283
2146,2372,0.00035976439612137094,0.0003092624578319193,4.245492865976343e-06,8.047009629688225e-07,38.839605920016766
2147,2373,0.0003596731293352333,0.0003091031294973706,4.249569940068864e-06,8.07430043717405e-07,38.85723120160401
2148,2374,0.0003595824470766391,0.0003089893138317912,4.2400601422552245e-06,8.192531822295668e-07,38.87478377856314
2149,2375,0.00035951126047324055,0.00030888121677547723,4.250080462550024e-06,8.129239072263087e-07,38.89229650888592
2150,2376,0.0003594624472338172,0.0003087107248332525,4.256854137389967e-06,8.183181026665026e-07,38.909933811053634
2151,2377,0.0003593861618500615,0.0003085008639401193,4.284087638281617e-06,8.04442152712603e-07,38.92748378124088
2152,2378,0.0003593326851860921,0.00030836095850913896,4.300525343471493e-06,7.966473242238178e-07,38.945194747298956
2153,2379,0.00035926997660158514,0.0003082322009675679,4.29767995883988e-06,8.060976045618403e-07,38.962843768298626
2154,2380,0.0003592018279526338,0.00030803481740480015,4.313061980617755e-06,8.036390741656177e-07,38.980821083299816
2155,2381,0.0003591557885953667,0.00030769217887473553,4.328847552688839e-06,8.175134193742762e-07,38.99843817669898
2156,2382,0.0003591246296309862,0.00030749238399357124,4.326660049643404e-06,8.365645140980881e-07,39.016134734265506
2157,2383,0.0003590971925207499,0.0003072138147006329,4.341579585326515e-06,8.467581966851817e-07,39.03371743392199
2158,2384,0.0003590636059415368,0.00030690326332167596,4.361410868367172e-06,8.546233936189102e-07,39.05128143541515
2159,2385,0.00035902054627246437,0.00030665218466071465,4.382858107583047e-06,8.539780535919292e-07,39.068878054618835
2160,2386,0.0003589825316087967,0.00030659422482299815,4.388546517251018e-06,8.50284161328837e-07,39.08638835512102
2161,2387,0.000358941512771004,0.0003065780420470003,4.396997112695349e-06,8.393499597050177e-07,39.10409417003393
2162,2388,0.00035888208893397936,0.00030666204346835443,4.386732032241894e-06,8.352725143205995e-07,39.121628628112376
2163,2389,0.0003587924298572023,0.00030672532579887463,4.37924463577469e-06,8.274657700580822e-07,39.13916125707328
2164,2390,0.00035867444674191236,0.0003067152380027577,4.359625451117213e-06,8.362954227982551e-07,39.15669557172805
2165,2391,0.0003585429782562017,0.0003065613609921598,4.345317709911684e-06,8.52844016492507e-07,39.17426832579076
2166,2392,0.00035838897178704126,0.0003059742054942929,4.365284914454149e-06,8.761917148206875e-07,39.191944626159966
2167,2393,0.00035824988578944553,0.000305495027124013,4.379868591439049e-06,8.956172751041986e-07,39.20958250015974
2168,2394,0.0003580900988178795,0.000305124418146598,4.390972911373286e-06,9.055951557548552e-07,39.227658005431294
2169,2395,0.00035793301951337085,0.0003049191303532901,4.387855551316572e-06,9.135333646915087e-07,39.24514882825315
2170,2396,0.00035773317722779743,0.00030493040404332465,4.370893380171481e-06,9.093839382757941e-07,39.26267210673541
2171,2397,0.0003575881414677012,0.00030465735498274487,4.392579534188519e-06,9.00499114307116e-07,39.28018587175757
2172,2398,0.00035743177445635816,0.00030468406863724915,4.370378612137708e-06,9.04391969773194e-07,39.29776454344392
2173,2399,0.00035700375870438333,0.00030442342434327136,4.38742501024669e-06,8.706084258645082e-07,39.31537454482168
2174,2400,0.0003566138640346178,0.0003040705568135704,4.408773455599163e-06,8.4555726650558e-07,39.332903675735
2175,2401,0.00035614425541497934,0.0003028658411774721,4.477559594136694e-06,8.502818296140286e-07,39.35050690174103
2176,2402,0.0003558622030207639,0.00030299220659902204,4.462958754632904e-06,8.240408875412814e-07,39.368258313275874
2177,2403,0.0003555904178316818,0.0003036212959333756,4.400833400573384e-06,7.960787892572417e-07,39.38658078480512
2178,2405,0.00035525691712336887,0.0003034235313100755,4.364091178510999e-06,8.192474028183353e-07,39.41025426983833
2179,2407,0.00035494176839474166,0.00030310565357078865,4.34658072849713e-06,8.370307538981688e-07,39.433794766664505
2180,2408,0.00035456515864715834,0.00030216618876997955,4.396697808464824e-06,8.431991792530521e-07,39.45135838910937
2181,2409,0.00035414792581847806,0.00030086617536984576,4.468032770968246e-06,8.601422738949786e-07,39.46890678815544
2182,2411,0.0003539606271911541,0.00030080697036523595,4.476313985801546e-06,8.390516967902684e-07,39.49293800070882
2183,2412,0.0003536089944173417,0.00030032426876988583,4.45796328357349e-06,8.705092811721003e-07,39.510536804795265
2184,2413,0.0003532652308619375,0.0003000486119076268,4.380313038297639e-06,9.413488571334347e-07,39.52804775070399
2185,2414,0.000352962465517016,0.0003006581373384395,4.310630677260313e-06,9.198021405973405e-07,39.546006517484784
2186,2415,0.0003527466483271083,0.0003001746498860583,4.344656864402191e-06,9.125429797028138e-07,39.56450889725238
2187,2416,0.0003526261934630004,0.0002997244904715879,4.347991769433065e-06,9.421785297081805e-07,39.58252611383796
2188,2417,0.0003525269689353604,0.00029988320852759317,4.3255349188178494e-06,9.388411219588745e-07,39.600496106781065
2189,2418,0.00035239687531447156,0.0002998648304771134,4.326140286657033e-06,9.27064197078779e-07,39.61808149050921
2190,2419,0.0003522449113424359,0.00029904611152353365,4.3746804127937e-06,9.451995690965264e-07,39.63555887527764
2191,2420,0.00035212045434013304,0.00029807795279789315,4.452229227766649e-06,9.520209264573371e-07,39.65307074505836
2192,2421,0.0003520205755907054,0.000297998057021149,4.458368062556234e-06,9.438837943994098e-07,39.67053312622011
2193,2423,0.000351919842286534,0.00029808597001522127,4.464166856165657e-06,9.192203709656161e-07,39.694573786109686
2194,2425,0.0003518363222684277,0.0002976458976626972,4.480101982907407e-06,9.389404776656465e-07,39.71827493328601
2195,2426,0.000351739183492556,0.0002971588312140144,4.510286004693061e-06,9.477492231610953e-07,39.73577281367034
2196,2427,0.00035154558091990564,0.00029627322764731127,4.5695339682731804e-06,9.577013589862579e-07,39.753236948512495
2197,2429,0.00035145466379581027,0.000295986646285722,4.5630674737198065e-06,9.837342772890235e-07,39.7777561834082
2198,2430,0.00035134249398509186,0.00029609110738248155,4.550016111387704e-06,9.75122548873325e-07,39.79520328249782
2199,2431,0.0003512054176026011,0.00029611876051462924,4.5322275304342705e-06,9.764381783629141e-07,39.81285891868174
2200,2432,0.00035110979101541187,0.0002963862198741363,4.515348431743526e-06,9.570086823840308e-07,39.8303679889068
2201,2433,0.00035102196203915274,0.00029652569516462233,4.49341807674729e-06,9.562086107057512e-07,39.847964198328555
2202,2434,0.00035094914269412776,0.0002966883666558278,4.482891321063271e-06,9.431862827667238e-07,39.86548333335668
2203,2435,0.0003508477667730736,0.00029685019731127483,4.477961356848265e-06,9.217955893316135e-07,39.883002718910575
2204,2436,0.0003507663378541604,0.0002967896233551173,4.481162113592999e-06,9.16509336311312e-07,39.90051067341119
2205,2437,0.0003506652198673328,0.00029690100304750514,4.4797066527205706e-06,8.967150292621956e-07,39.91808674763888
2206,2438,0.0003505850850814623,0.000296740305494066,4.48180943096419e-06,9.026685277754423e-07,39.93557688873261
2207,2439,0.00035045883447132765,0.0002963580819129646,4.4881750918896565e-06,9.219001639466402e-07,39.95420146267861
2208,2440,0.00035031698076952125,0.0002959421183608517,4.495686923540589e-06,9.417993173263637e-07,39.97158297430724
2209,2441,0.0003500367544830316,0.0002950265783923805,4.534948315429394e-06,9.660692936357144e-07,39.98910059873015
2210,2442,0.0003497241373143635,0.0002941781168323923,4.560150542644141e-06,9.944515055529735e-07,40.00679692160338
2211,2443,0.00034919465022418547,0.0002931373525417691,4.6210925840148255e-06,9.846371842268097e-07,40.02430663071573
2212,2445,0.0003487705758481739,0.000291956898419668,4.683384368770855e-06,9.97983374079738e-07,40.048733971081674
2213,2446,0.00034796394035404644,0.0002902965103698956,4.777537783491169e-06,9.89205214923916e-07,40.066850387491286
2214,2447,0.0003475368803590184,0.00028957823544764876,4.805584725367648e-06,9.902797657693158e-07,40.084340922534466
2215,2448,0.00034711613274568246,0.00029028862735513077,4.713420798046457e-06,9.693297410087155e-07,40.10197433270514
2216,2449,0.0003466767145588337,0.00028982528028692893,4.745791093709142e-06,9.393523334813338e-07,40.11949919257313
2217,2450,0.00034610528746720204,0.00028873578319667004,4.774063614963952e-06,9.628868120892476e-07,40.1369675854221
2218,2451,0.00034569261124120493,0.0002881787075276287,4.790400703980403e-06,9.609896673772199e-07,40.15447245631367
2219,2452,0.00034524601382331853,0.0002880406432586035,4.78902205489713e-06,9.315150015743732e-07,40.17199286259711
2220,2454,0.0003448145899644125,0.00028758353878416957,4.81224727590171e-06,9.108578421225813e-07,40.195612787269056
2221,2455,0.00034449614562822635,0.0002867183575888246,4.889286730761251e-06,8.884920731789228e-07,40.213196428492665
2222,2456,0.00034398072594606034,0.0002874685897492324,4.767211418504592e-06,8.84002201178202e-07,40.23070108611137
2223,2457,0.00034366040577342726,0.0002876867341805418,4.752031028803371e-06,8.453361304851698e-07,40.24825594108552
2224,2458,0.00034321863088752403,0.00028782988853760935,4.733667086652089e-06,8.052071483393806e-07,40.26576532423496
2225,2459,0.00034275207871426865,0.00028846576678452944,4.647829478406641e-06,7.808017145672792e-07,40.2833426753059
2226,2460,0.0003423419874385758,0.00028797082290457437,4.642852288889243e-06,7.942641645108974e-07,40.30093916133046
2227,2461,0.0003420414492127238,0.0002867380077490457,4.696858579916607e-06,8.334855664512048e-07,40.31857330817729
2228,2462,0.00034181415441615013,0.000285443201482642,4.778350277592474e-06,8.587450157583357e-07,40.33615656476468
2229,2463,0.00034167259745424,0.0002854826012997641,4.742064324743835e-06,8.769352907037579e-07,40.35435976926237
2230,2464,0.00034150540992890373,0.0002856624127262609,4.712608934029386e-06,8.716907862348957e-07,40.37181321065873
2231,2465,0.000341086672933409,0.00028548161342824166,4.6922309495747534e-06,8.682750009419855e-07,40.38945703674108
2232,2466,0.0003405801441984193,0.00028498882091252976,4.705457098530595e-06,8.536752300583601e-07,40.40714007522911
2233,2467,0.00033999807054670557,0.000283858155643236,4.760450323793816e-06,8.535411665531396e-07,40.425528542138636
2234,2468,0.0003394274278165145,0.0002840248418737855,4.722565856040261e-06,8.176927382326341e-07,40.443038451485336
2235,2469,0.00033878330033158274,0.0002826454280673437,4.805207148967194e-06,8.085800774567038e-07,40.46054404787719
2236,2470,0.00033813617105067536,0.0002815824571311849,4.846964514094044e-06,8.084068778549995e-07,40.47810285072774
2237,2471,0.00033751467561637705,0.00028047465518232355,4.8989063897363876e-06,8.050956536689601e-07,40.49560570623726
2238,2472,0.0003367556169688096,0.0002800004664125001,4.88697396271779e-06,7.88541092913155e-07,40.51321830227971
2239,2473,0.0003359597236717622,0.00027900759810169757,4.915545929247553e-06,7.796666277589113e-07,40.53072135243565
2240,2474,0.0003352601823121677,0.00027826632345609453,4.917082009819514e-06,7.823038757877985e-07,40.54826458077878
2241,2475,0.00033457895005938417,0.00027695143371055434,4.941742969228181e-06,8.210086656548033e-07,40.56652171909809
2242,2476,0.0003341356908836685,0.0002763892653103397,4.932573599127448e-06,8.420689582054355e-07,40.58402291312814
2243,2477,0.0003337494078068701,0.00027539350134716937,4.967656849084068e-06,8.679337968860047e-07,40.601583015173674
2244,2478,0.00033329502186380075,0.0002745213400406922,5.002391018363805e-06,8.74977163947055e-07,40.61918541137129
2245,2479,0.0003328881511258703,0.00027435102694117167,4.976726409946985e-06,8.76986008522879e-07,40.63704307470471
2246,2480,0.0003324603090201419,0.0002744357005382865,4.947533661804969e-06,8.549271863805698e-07,40.65458887908608
2247,2481,0.0003320401275606567,0.0002745515717461122,4.855587571464199e-06,8.932680099902525e-07,40.67213330138475
2248,2482,0.0003316990070018021,0.0002754697586169132,4.779190826216429e-06,8.437340122724598e-07,40.68961551785469
2249,2483,0.00033123237110480925,0.00027504407974678085,4.784448068929774e-06,8.343810668730663e-07,40.707284095697105
2250,2484,0.00033069905931456373,0.0002750634318557944,4.7223933934862655e-06,8.411693523906682e-07,40.724791751243174
2251,2485,0.0003303635375412641,0.000275020946232828,4.682354684223922e-06,8.519044466196919e-07,40.7422844087705
2252,2486,0.0003302124542534779,0.00027484718490555424,4.691248490739681e-06,8.452784440526837e-07,40.75976751279086
2253,2487,0.0003300598895702018,0.0002748426127467022,4.704450182327829e-06,8.172775000221286e-07,40.777284786105156
2254,2488,0.0003299499419717533,0.0002750099507246673,4.682133702079613e-06,8.11865422628988e-07,40.79539787583053
2255,2489,0.0003297936468387811,0.00027480161501825326,4.679891473952658e-06,8.193117081001299e-07,40.81285986211151
2256,2490,0.00032933542332043864,0.0002742898664955358,4.659192522826705e-06,8.453631596635807e-07,40.83042566012591
2257,2491,0.00032885922766192314,0.00027377957024622484,4.638483751449346e-06,8.694819901204826e-07,40.84794320259243
2258,2492,0.0003280600844047283,0.0002728823460144006,4.594696954682932e-06,9.230768843498353e-07,40.86541573237628
2259,2493,0.00032722143626095335,0.0002728786075242434,4.451768982365517e-06,9.82513891305474e-07,40.882950481027365
2260,2494,0.00032673079528643855,0.00027299962634170415,4.371594876718131e-06,1.00152201775531e-06,40.90047710202634
2261,2495,0.0003262633208933587,0.0002736714394236322,4.242227263130959e-06,1.016960883841689e-06,40.91812706924975
2262,2496,0.00032583021761170767,0.00027416974974464283,4.189660697462471e-06,9.763860892440149e-07,40.935621274635196
2263,2497,0.0003253382672898104,0.0002741565114149121,4.187535792197383e-06,9.306397952924479e-07,40.95394629146904
2264,2499,0.00032514981832356315,0.00027424786765652365,4.194803683057877e-06,8.953913836460708e-07,40.9780876962468
2265,2500,0.0003247967110107198,0.00027400754825680307,4.176358599056481e-06,9.025576763351892e-07,40.99556498974562
2266,2501,0.00032446314916068195,0.00027358582913503376,4.175255369868612e-06,9.124766326962092e-07,41.01320790871978
2267,2502,0.00032403949217100434,0.0002727219482675337,4.185875912324915e-06,9.458784780221499e-07,41.03072621487081
2268,2503,0.00032353511833056877,0.0002717463563937902,4.203695875822186e-06,9.751803178556702e-07,41.048168528825045
2269,2504,0.0003230719428540319,0.0002708016086839132,4.231917654940403e-06,9.951157620714674e-07,41.065656744875014
2270,2505,0.0003226563887147283,0.0002703968466649978,4.2429772867605135e-06,9.829769182125384e-07,41.08314726501703
2271,2506,0.0003222275498742805,0.00027075985018591573,4.214713521864132e-06,9.320564469723476e-07,41.10068509913981
2272,2507,0.0003219976143194853,0.00027141693846401615,4.160126532633825e-06,8.979410529130851e-07,41.11876096390188
2273,2509,0.0003216201928899434,0.0002713231486057626,4.131844851843945e-06,8.97859576574135e-07,41.14230399020016
2274,2510,0.0003211467533860572,0.00027048177129740777,4.150698403658838e-06,9.157998052061083e-07,41.15981191303581
2275,2511,0.00032043551183913595,0.00026917586580147145,4.1601791530803085e-06,9.657854506861404e-07,41.177322747185826
2276,2513,0.0003198643543527173,0.0002679778207548213,4.207674966187212e-06,9.80978393602392e-07,41.20109801925719
2277,2514,0.0003192268276105603,0.0002658897444501425,4.2659238046863005e-06,1.0677845113554838e-06,41.218744716607034
2278,2515,0.0003182575060051044,0.000264942257974898,4.269926447322297e-06,1.0615983556983416e-06,41.23629698809236
2279,2516,0.0003173832299607952,0.0002639772647980206,4.2876760469498155e-06,1.0529204693276458e-06,41.2539283381775
2280,2518,0.0003165711697425776,0.00026330829252982043,4.326703841035958e-06,9.995838802397587e-07,41.27757363207638
2281,2519,0.00031534877153260773,0.00026139662697170877,4.388921394481478e-06,1.0062930616084178e-06,41.295205952599645
2282,2520,0.00031414664754506684,0.00025895846438613935,4.498812733274004e-06,1.0200055826187454e-06,41.312831590883434
2283,2522,0.0003130563944738251,0.0002579177777935159,4.399541771847154e-06,1.1143198961837715e-06,41.33772703446448
2284,2524,0.0003116309957239317,0.0002572488669990635,4.347625057005266e-06,1.0905878154815545e-06,41.36146674584597
2285,2525,0.0003109298391419805,0.00025814286923341663,4.229420676537148e-06,1.0492763143192375e-06,41.37900203000754
2286,2526,0.0003103334844741014,0.00025901512797439267,4.0693621902786745e-06,1.062473459692198e-06,41.396565734408796
2287,2527,0.00030988314635934056,0.0002576170989927427,4.147229753369204e-06,1.079374983290584e-06,41.414784173481166
2288,2528,0.0003093357798692,0.00025616570741437527,4.27892345655252e-06,1.038083788929957e-06,41.4321651076898
2289,2530,0.00030885799815969975,0.0002566292891895685,4.228922394941249e-06,9.939485020718761e-07,41.45587709359825
2290,2531,0.00030823272271784735,0.0002570004978149929,4.1057493103608435e-06,1.017473179924597e-06,41.47432379424572
2291,2532,0.00030778084235890226,0.0002569127978020103,4.092197517624333e-06,9.946069380648638e-07,41.491934878751636
2292,2533,0.0003070925826475692,0.0002562647923656912,4.107195140274721e-06,9.755838879130775e-07,41.50960620120168
2293,2534,0.00030651539990424144,0.0002549719488258257,4.206891448043525e-06,9.474536597980501e-07,41.52716469578445
2294,2535,0.0003061314667046236,0.0002539204442770125,4.286610164747316e-06,9.344920780137909e-07,41.544720257632434
2295,2536,0.0003058398728660438,0.0002531846279966639,4.352605185055307e-06,9.129193018826846e-07,41.56286370288581
2296,2537,0.00030557133110237726,0.00025222483729766057,4.364164167097479e-06,9.704852133741915e-07,41.580409907735884
2297,2538,0.0003053405788840202,0.0002524765115237073,4.345157833704243e-06,9.41248902327041e-07,41.59796595480293
2298,2539,0.0003051865488474669,0.00025291260406314173,4.301123407770381e-06,9.262710706621401e-07,41.615538507699966
2299,2540,0.0003050443002100872,0.0002529919212117422,4.298782999158692e-06,9.064549006758068e-07,41.63310526963323
2300,2541,0.000304900010857105,0.0002529271809769355,4.298396265944799e-06,8.98886722072154e-07,41.650685110129416
2301,2542,0.00030475446063341137,0.0002529260335959482,4.301558777415671e-06,8.812839263306481e-07,41.668212443590164
2302,2543,0.0003045589257062971,0.0002531547085475103,4.300633752082609e-06,8.397879637960792e-07,41.68572578113526
2303,2544,0.0003043418953860571,0.00025283280012618805,4.3416149029206995e-06,8.092946230662016e-07,41.703745300881565
2304,2545,0.00030410953027237364,0.000252715720553503,4.359450815933886e-06,7.799301559531766e-07,41.72134123835713
2305,2546,0.0003038755879945021,0.00025215652965243055,4.3890884402908385e-06,7.82817393916316e-07,41.73890482913703
2306,2547,0.0003036539714170574,0.0002515317768827956,4.401515719086743e-06,8.107037343394383e-07,41.756515642628074
2307,2548,0.00030343646182706896,0.0002507534687744612,4.456874450206984e-06,8.11424855053794e-07,41.774080757051706
2308,2549,0.0003031078347304576,0.00024987008272898704,4.476191408172037e-06,8.475837919750194e-07,41.79166343808174
2309,2550,0.00030282742612087506,0.0002495914219650777,4.4958832152718165e-06,8.277172003079192e-07,41.8093541348353
2310,2551,0.00030238522673164655,0.00024927858824789426,4.485627187724385e-06,8.250366606508453e-07,41.82694886624813
2311,2552,0.0003019206057452974,0.00024912748136885946,4.463330879140703e-06,8.159815585030906e-07,41.844879522919655
2312,2553,0.00030140630388340324,0.00024943104235860755,4.388599359704584e-06,8.089267927749854e-07,41.86242975667119
2313,2554,0.0003012012242174301,0.00024911407301825766,4.415580894238971e-06,7.931342256782755e-07,41.88000278919935
2314,2556,0.000301018900422769,0.0002488789715057576,4.40282847171241e-06,8.111644199887344e-07,41.90494104940444
2315,2557,0.0003007273889928678,0.00024852713883876363,4.426863404187317e-06,7.931616112230958e-07,41.92291319929063
2316,2558,0.00030055921659984325,0.0002482131206162484,4.420432605382509e-06,8.141769929769769e-07,41.9404189651832
2317,2559,0.0003003738364950251,0.00024789964633284347,4.439983217112187e-06,8.074357991059736e-07,41.95887902099639
2318,2560,0.0003002074359408345,0.0002475227154312978,4.4612555187535135e-06,8.072165322001591e-07,41.97624674346298
2319,2561,0.00029995613841476553,0.00024725220487305217,4.466266768738551e-06,8.041265854327858e-07,41.99386381264776
2320,2562,0.0002996901723291365,0.00024721294833787553,4.393322845531286e-06,8.543995535948122e-07,42.01151504088193
2321,2563,0.00029936407728157924,0.0002471453815048662,4.367991734283741e-06,8.538778433875599e-07,42.029108269140124
2322,2564,0.00029897795902788897,0.0002468966009689892,4.355554265552867e-06,8.525815403371145e-07,42.04663267079741
2323,2565,0.00029868108182062457,0.0002467352223382791,4.311494043619821e-06,8.830919046147229e-07,42.064172021113336
2324,2567,0.000298422977112812,0.00024681995769625933,4.309008425343645e-06,8.512935163116255e-07,42.08781192731112
2325,2568,0.0002981209455346485,0.0002463330693121399,4.320426921886534e-06,8.58360700364325e-07,42.10544631443918
2326,2569,0.00029773037419541186,0.0002454842623424567,4.379259305114324e-06,8.453518801811905e-07,42.12299981620163
2327,2570,0.0002973200073921178,0.0002449001334042671,4.371169697812675e-06,8.70817700972395e-07,42.14052860438824
2328,2571,0.00029696283473366176,0.00024434107298347953,4.4033811482451574e-06,8.587950267730662e-07,42.15810705535114
2329,2572,0.0002965537908702835,0.0002442536381916367,4.368710744943258e-06,8.613045229214253e-07,42.175600985996425
2330,2573,0.0002955383647006817,0.0002443619593138223,4.219571640628598e-06,8.980688980573405e-07,42.19346885289997
2331,2574,0.00029485340859857867,0.0002444859008735856,4.11046388838184e-06,9.262868841174699e-07,42.21116981469095
2332,2575,0.000294069393558299,0.00024506106320631223,3.8921792277784715e-06,1.0086538074202065e-06,42.22869188245386
2333,2576,0.00029348272603868216,0.0002447629792078327,3.893632101631039e-06,9.783425814539072e-07,42.2461884431541
2334,2577,0.0002931016315759626,0.00024384697846937907,3.955340227412673e-06,9.701250832456771e-07,42.26368199288845
2335,2578,0.00029281585939294947,0.0002439228443858522,3.946611153425932e-06,9.426903472837968e-07,42.281190721318126
2336,2579,0.00029260675381205536,0.0002442849285971449,3.905491685471776e-06,9.266908360192708e-07,42.299635315313935
2337,2580,0.0002924047563469126,0.00024450285742519596,3.882790862201326e-06,9.073990299703339e-07,42.31709991861135
2338,2581,0.000292175033342183,0.0002446586992550188,3.861013574089291e-06,8.906198346271247e-07,42.33459422644228
2339,2582,0.0002918667575744342,0.00024488580517899094,3.805709814205755e-06,8.923854253385697e-07,42.35216026566923
2340,2583,0.00029137592790056023,0.00024478519258921874,3.7464870568522736e-06,9.125864742818756e-07,42.369642215780914
2341,2584,0.00029088431980931644,0.0002449339870737531,3.668394808191615e-06,9.266384653647193e-07,42.38710771035403
2342,2585,0.0002902637131998683,0.00024413649519686468,3.6331285571021345e-06,9.79593243198234e-07,42.40461490210146
2343,2586,0.00028967322254037936,0.00024382897934874603,3.6385321399506287e-06,9.458921792127038e-07,42.42218533437699
2344,2587,0.00028922972417294275,0.00024369017324563417,3.6866981787562646e-06,8.672569139745949e-07,42.43970702216029
2345,2589,0.0002885559729770856,0.00024279631254679081,3.7252599661509933e-06,8.507060768784843e-07,42.46445505414158
2346,2590,0.0002881184752052749,0.00024209482633083144,3.747279834889001e-06,8.550850525553443e-07,42.48198055289686
2347,2591,0.0002873768396147752,0.00024192033606853144,3.6899958603059907e-06,8.556544943183878e-07,42.499451032839715
2348,2592,0.0002866604349807294,0.00024195119580465457,3.577850740133637e-06,8.930731774738465e-07,42.517049950547516
2349,2593,0.00028570731380678227,0.00024117877775591603,3.605487805734442e-06,8.473657993521812e-07,42.5345474621281
2350,2594,0.00028528323570425033,0.00024053684696188172,3.5828919084520394e-06,8.917469657848202e-07,42.552093364298344
2351,2595,0.00028483633288246477,0.0002404197017167514,3.5812079444430416e-06,8.604551721282976e-07,42.56960566435009
2352,2596,0.0002843402538184847,0.00023991498154325312,3.5880910232615885e-06,8.544362042615647e-07,42.587092980742455
2353,2597,0.00028359212570897247,0.0002393437195774155,3.571099905193224e-06,8.537407079624748e-07,42.60463968664408
2354,2598,0.00028235785264570844,0.00023801117843685348,3.5406319403537085e-06,8.940354805317876e-07,42.62221722770482
2355,2599,0.0002817053186368834,0.000237053704974973,3.4769801671530636e-06,9.881811990379795e-07,42.64026845805347
2356,2600,0.0002812637361472156,0.00023609173928206863,3.540297977724588e-06,9.76901708790111e-07,42.65785839501768
2357,2602,0.0002809110460451368,0.00023549538108159955,3.5349299396577076e-06,1.0066365566960145e-06,42.68180825188756
2358,2603,0.00028056316090555863,0.00023493728529861753,3.579967788502253e-06,9.826197721918585e-07,42.699283396825194
2359,2604,0.00028030035467623883,0.0002342105319254462,3.56280471247724e-06,1.046177562602022e-06,42.71684506814927
2360,2605,0.0002800548490674461,0.00023333190108547734,3.6163979231257437e-06,1.0558968750711314e-06,42.73435506410897
2361,2606,0.00027986125876448663,0.00023249229864111943,3.6645509594603295e-06,1.0723450528763884e-06,42.7518874052912
2362,2607,0.0002795832253226987,0.00023219815120476169,3.700012248205833e-06,1.0384951635878693e-06,42.769390508532524
2363,2608,0.0002792161491896141,0.00023230078773218754,3.676031629160359e-06,1.015504516582295e-06,42.78688648715615
2364,2609,0.0002787416870074991,0.00023268493444153653,3.6202095331793904e-06,9.85465723416868e-07,42.804442720487714
2365,2610,0.0002783318042239201,0.00023327017541911892,3.538381340939332e-06,9.677815395407868e-07,42.82200431264937
2366,2611,0.00027792178744642814,0.00023414898244614215,3.3847458984142464e-06,9.92534601614352e-07,42.83947710786015
2367,2612,0.0002774653051917901,0.0002339498879799682,3.352942019077737e-06,9.985997021044532e-07,42.857030952349305
2368,2613,0.00027714662019043035,0.0002333582825138367,3.371086925618936e-06,1.0077468420404274e-06,42.874557505361736
2369,2615,0.00027687237107665194,0.00023295337890804496,3.3891638514723165e-06,1.002735365388382e-06,42.898269668221474
2370,2616,0.0002764644057851395,0.0002323760083568681,3.3939762028777738e-06,1.0148635399493643e-06,42.91577927954495
2371,2617,0.0002760959855028876,0.0002322710439915189,3.369907786538212e-06,1.0125863645986578e-06,42.93326916452497
2372,2619,0.00027585542286330186,0.0002326267760781239,3.356625886968026e-06,9.662387915497739e-07,42.9570606444031
2373,2620,0.00027557585362847413,0.000233456705534285,3.281841762085432e-06,9.300730473334844e-07,42.97458684723824
2374,2621,0.0002753282038018986,0.00023348961072271413,3.2779903017422872e-06,9.058690061761635e-07,42.992059560492635
2375,2622,0.0002748978985378434,0.00023380740902226795,3.2764420738112836e-06,8.326068777462614e-07,43.00980862881988
2376,2623,0.00027462053689235013,0.0002339702886572423,3.237412883651952e-06,8.276119398588293e-07,43.027289463207126
2377,2624,0.00027427298613248046,0.0002333124802141502,3.3235905522633128e-06,7.724600395697163e-07,43.04478505346924
2378,2625,0.00027401251337454027,0.00023266604130452653,3.347466851900324e-06,7.871803551010511e-07,43.06228369381279
2379,2626,0.0002737164004004959,0.00023136296626855777,3.384437838430456e-06,8.509055747633567e-07,43.08036063890904
2380,2627,0.0002735707354489159,0.00023083302241313898,3.439538856480117e-06,8.342324470975749e-07,43.09773797728121
2381,2628,0.0002734561635878195,0.0002305545310767827,3.469296119708487e-06,8.208671313951927e-07,43.11541582085192
2382,2629,0.0002733097820286178,0.0002307588584609823,3.4394217470663822e-06,8.156706096971675e-07,43.13288252800703
2383,2630,0.0002731894481706585,0.00023079266964046933,3.4212362460746362e-06,8.184416069442783e-07,43.1509170550853
2384,2631,0.00027301008561998014,0.00023076221136925275,3.4027637779770526e-06,8.220236470956878e-07,43.16888688970357
2385,2632,0.0002728258000627114,0.00023093906871813854,3.3835842971546367e-06,8.050888373026506e-07,43.186368726193905
2386,2634,0.000272696581221616,0.00023057105998374323,3.3837281935895984e-06,8.288239301976797e-07,43.21009137574583
2387,2635,0.0002725201956823136,0.0002301340075357904,3.388433772890944e-06,8.50185041761378e-07,43.22761888243258
2388,2636,0.0002723784661694302,0.00022960156529653312,3.4164171740901546e-06,8.612729131995524e-07,43.24595064017922
2389,2637,0.0002721850688117019,0.00022910004331874015,3.423437356771653e-06,8.850651925245259e-07,43.263462744653225
2390,2638,0.0002719558279070463,0.00022885148919474992,3.433123429972229e-06,8.773104412574108e-07,43.28104385174811
2391,2639,0.0002717392940600999,0.0002286795139336369,3.399946726033551e-06,9.060312866127471e-07,43.298561670817435
2392,2640,0.0002714973388810235,0.0002290235891955043,3.385889322548995e-06,8.61485646002926e-07,43.316130857914686
2393,2641,0.00027112636306014245,0.00022964526657439952,3.3337946708488127e-06,8.143149777254799e-07,43.333603639155626
2394,2642,0.0002706823601023127,0.00023050990267268353,3.2453810797137023e-06,7.718646632492185e-07,43.35111503954977
2395,2643,0.0002702489734510386,0.00023071555929458858,3.176844353937208e-06,7.764970617077897e-07,43.36861909925938
2396,2644,0.0002696967800104455,0.00023072627230713366,3.1572953357600917e-06,7.397554345710897e-07,43.38609395362437
2397,2645,0.0002692741154432717,0.00023003533576536873,3.1489381194878096e-06,7.749398483024906e-07,43.40359469782561
2398,2646,0.0002687702621563442,0.00022936073581663442,3.1771324774402166e-06,7.638201565307617e-07,43.421126928180456
2399,2647,0.00026821111074914556,0.000229296295676111,3.0940729669084586e-06,7.974085403949962e-07,43.43866756372154
2400,2648,0.00026731272401030225,0.00022944552734016494,3.031859214689657e-06,7.548604523240715e-07,43.456288795918226
2401,2649,0.00026614527308358414,0.0002291208860134233,2.918124666453849e-06,7.843140405622371e-07,43.47390901111066
2402,2651,0.0002654433975213037,0.0002287241114004448,2.9517053939326256e-06,7.202232181532658e-07,43.49745475966483
2403,2652,0.00026422410716718384,0.00022764057656024931,2.877495168754848e-06,7.808578919386038e-07,43.51504293549806
2404,2653,0.00026327484453819104,0.00022579063667083678,2.920077012798566e-06,8.283437739368606e-07,43.53256434481591
2405,2654,0.00026270182155426673,0.00022299703817583042,3.1583783400021005e-06,8.120999978415312e-07,43.55004533007741
2406,2655,0.0002618409347018737,0.0002219477316054278,3.0245148104774015e-06,9.648054991671848e-07,43.56754143536091
2407,2656,0.000260886634612417,0.00022248810943652163,3.040277365596031e-06,7.995751519935007e-07,43.58507830090821
2408,2657,0.0002603819662909976,0.00022227460001334753,3.051996266523082e-06,7.587403612419202e-07,43.60255367308855
2409,2658,0.00025986843106772244,0.00022208675562080513,3.044227418780072e-06,7.339401259116571e-07,43.62012703716755
2410,2659,0.0002595090990818752,0.00022213916582395078,3.018508920549031e-06,7.184844052434113e-07,43.637600565329194
2411,2660,0.0002590766536675367,0.00022168996666058752,3.0723908732863287e-06,6.66277827408592e-07,43.655728129670024
2412,2661,0.0002586546651464404,0.0002206575937160424,3.110854434897186e-06,6.888527081426148e-07,43.67328156903386
2413,2662,0.0002580891110688088,0.00022072600977390984,3.060699978289293e-06,6.756101512006043e-07,43.69077759142965
2414,2663,0.00025738248192961585,0.00022067654475985197,3.0266311665111557e-06,6.439625504652322e-07,43.70837202947587
2415,2664,0.00025676617568762137,0.0002200970131393903,3.0443106320670793e-06,6.226056227560263e-07,43.72598553914577
2416,2665,0.00025606412222632874,0.0002192273521243582,3.0675275036171632e-06,6.161495065798893e-07,43.74345332942903
2417,2666,0.00025563982314992447,0.00021864330752427414,3.0743805529389385e-06,6.252710096260926e-07,43.76099587138742
2418,2667,0.0002553324993428496,0.00021860710596513288,3.073838577236035e-06,5.987007605356385e-07,43.778515693731606
2419,2668,0.00025498618874038233,0.00021836458128588366,3.0401609006673677e-06,6.219998447824978e-07,43.796031057834625
2420,2669,0.0002544906643704699,0.00021826219478137486,3.0126648332678553e-06,6.101821256416463e-07,43.81359713803977
2421,2670,0.0002538658511129154,0.00021755166867974614,2.9959873337942013e-06,6.354309095227261e-07,43.83164223283529
2422,2671,0.00025341358794818023,0.00021721747975975551,2.9843911718150016e-06,6.352196470274736e-07,43.84905042871833
2423,2672,0.0002528255323271876,0.0002161575254693896,3.021385753705177e-06,6.454149320746278e-07,43.866563494317234
2424,2673,0.00025217935107721434,0.00021508358664624113,3.0367441186148293e-06,6.728323244824933e-07,43.88454850483686
2425,2674,0.00025168001279211156,0.00021449836020395697,3.0567059046858143e-06,6.614593541296456e-07,43.901954299770296
2426,2675,0.0002509192322919398,0.00021402710731335692,3.0100607452214318e-06,6.791517526368559e-07,43.919539377093315
2427,2676,0.0002502733366631061,0.00021437379300306438,2.9266178130504067e-06,6.633365529537641e-07,43.93705642782152
2428,2677,0.00024986040909622605,0.00021523188018546908,2.841715491226223e-06,6.21137399849477e-07,43.95461544115096
2429,2678,0.00024957252391022005,0.00021487491102595963,2.805680207253517e-06,6.64081081172525e-07,43.97215954400599
2430,2679,0.00024939491899530824,0.00021441829205023392,2.8414912453704335e-06,6.561714491369959e-07,43.98965800832957
2431,2680,0.0002491589604880628,0.00021392969842494924,2.855906677301904e-06,6.670195290094535e-07,44.007386261597276
2432,2681,0.00024897679628440786,0.00021344313766005594,2.872648116962896e-06,6.807177454722965e-07,44.025989934802055
2433,2682,0.0002488203306203458,0.00021303186596493615,2.884396803806697e-06,6.944496617342642e-07,44.04359367489815
2434,2683,0.00024861434399123944,0.000212974963831953,2.8344910794615526e-06,7.294469364670929e-07,44.06118850130588
2435,2684,0.0002484206460232965,0.00021300876079927773,2.8181174617999094e-06,7.230710606019666e-07,44.078793437220156
2436,2685,0.0002480473224073444,0.00021345193232204964,2.7350606428678137e-06,7.244783656616617e-07,44.09636514633894
2437,2686,0.00024772418786965267,0.0002138428949504009,2.651387755912949e-06,7.367415360122288e-07,44.11405536625534
2438,2687,0.0002473789127097707,0.000214322272129499,2.562145636826864e-06,7.435184212003038e-07,44.13172888662666
2439,2688,0.0002470473921838995,0.00021470064907119855,2.4801110104251547e-06,7.545633008449453e-07,44.14981249719858
2440,2689,0.0002467489913689515,0.0002148342685535054,2.459812850007959e-06,7.316594315366469e-07,44.167382516898215
2441,2690,0.0002465685786839409,0.0002149948370065883,2.4094515963932475e-06,7.479225713420099e-07,44.18497113324702
2442,2691,0.0002463921711299543,0.00021481692187806352,2.438042993376443e-06,7.194819318126367e-07,44.20250090677291
2443,2692,0.00024615833034256684,0.00021435754373152474,2.4754342878339675e-06,7.046443732702418e-07,44.22009285259992
2444,2693,0.0002458909244926653,0.0002142900091707922,2.491958056617339e-06,6.681334755699672e-07,44.237680655904114
2445,2694,0.000245611347819723,0.00021386330139715117,2.493749999651538e-06,6.810546426056469e-07,44.255220727063715
2446,2695,0.0002453517057528087,0.00021410418572118288,2.472769623526176e-06,6.519823796364114e-07,44.272787218913436
2447,2696,0.0002452184924214414,0.00021404082968716747,2.4557441550131843e-06,6.620221184142092e-07,44.2910946207121
2448,2697,0.00024515615123716316,0.00021407184882768807,2.4414845949428638e-06,6.66945646004644e-07,44.308776864781976
2449,2698,0.0002451193045772068,0.00021408073995700383,2.435743939530539e-06,6.681125224897572e-07,44.32732471358031
2450,2699,0.00024507053346734176,0.00021407299858872616,2.427239568730004e-06,6.725139191315547e-07,44.344997303560376
2451,2700,0.00024498042791522794,0.00021405700483663738,2.420021265833935e-06,6.723210420251218e-07,44.362674036063254
2452,2701,0.00024483076777782816,0.00021400284540347883,2.410812592163971e-06,6.719796452709609e-07,44.38081981148571
2453,2702,0.000244579519744214,0.00021383109885537288,2.4045332786313324e-06,6.703088102527813e-07,44.39845844730735
2454,2703,0.0002443341635056732,0.0002137329459344449,2.3889984557907666e-06,6.711233013320684e-07,44.41623742412776
2455,2704,0.00024409219073111494,0.00021366928049455463,2.3733112577166554e-06,6.689797659393742e-07,44.43378546927124
2456,2705,0.00024380609498255592,0.00021396377496543222,2.3298227142648754e-06,6.54409287447494e-07,44.451341855339706
2457,2706,0.00024345195222557394,0.00021396371346749975,2.2436960418515156e-06,7.051278339559054e-07,44.468903799541295
2458,2707,0.00024285614665773525,0.00021402622954721758,2.2015302592476993e-06,6.814614518040689e-07,44.48655066918582
2459,2708,0.0002422132487830745,0.00021366972418754095,2.144954419554143e-06,7.093980399992134e-07,44.504114808514714
2460,2710,0.0002419140943617702,0.00021366836315351762,2.103321281005725e-06,7.21251839819532e-07,44.527932884171605
2461,2711,0.0002416232299437793,0.00021347937949207235,2.0684320100457697e-06,7.459530351249231e-07,44.54560302570462
2462,2712,0.00024127036173131084,0.0002131417621940198,2.06938535938715e-06,7.434745943419549e-07,44.563233961351216
2463,2713,0.00024092908687607198,0.00021284640232454894,2.0914013530459377e-06,7.168671021063653e-07,44.5807970026508
2464,2714,0.00024066398355712128,0.00021245304605760348,2.14152545078245e-06,6.795682991693287e-07,44.598391929641366
2465,2715,0.00024055798465840903,0.00021243653310018995,2.17496498862805e-06,6.371801671938573e-07,44.616052684374154
2466,2716,0.00024046517789003366,0.0002123031614018284,2.160450684697953e-06,6.557509641225726e-07,44.63360348250717
2467,2717,0.0002404096904646609,0.000212470733413762,2.1382851162605348e-06,6.556105888293568e-07,44.651156295090914
2468,2719,0.00024035771804920063,0.0002126437215241141,2.100046165873127e-06,6.713534866355274e-07,44.67558643501252
2469,2720,0.00024028861491175735,0.00021271934671839306,2.0923021342969848e-06,6.646246850394442e-07,44.693130978383124
2470,2721,0.00024019883753073997,0.0002126805882936651,2.084896115950105e-06,6.669288077573844e-07,44.710763341747224
2471,2722,0.00024007873712732005,0.00021242720103605386,2.0899497193074346e-06,6.752038898191847e-07,44.72830820363015
2472,2723,0.00023995363356687366,0.0002121310094721777,2.1014881613096937e-06,6.807742481599059e-07,44.74582546018064
2473,2724,0.00023984305814921033,0.00021174135066950466,2.1147839968193e-06,6.953867511512676e-07,44.76336967945099
2474,2725,0.0002397352802429699,0.00021160226323682616,2.1227705268133463e-06,6.905311738010262e-07,44.78146391827613
2475,2726,0.00023950177938487888,0.0002116376180605658,2.111680910107818e-06,6.747352223234895e-07,44.799015898257494
2476,2727,0.0002392347112120701,0.00021177055314200888,2.1193676269128284e-06,6.270481800932932e-07,44.81665770802647
2477,2729,0.00023910488828981247,0.00021163750045386618,2.1239129187123392e-06,6.228258648822902e-07,44.84034816361964
2478,2730,0.00023892107427329458,0.0002113977211803241,2.138507534217922e-06,6.138277750791243e-07,44.85797398164868
2479,2731,0.00023872652903067837,0.00021132082340705866,2.1340643057054883e-06,6.065062566564832e-07,44.875548428855836
2480,2732,0.00023855303701248443,0.00021117019473432448,2.1240470557292988e-06,6.142371720866969e-07,44.89311239030212
2481,2733,0.0002383689224321022,0.00021102774960628964,2.1047922030862186e-06,6.293250794950358e-07,44.91083260625601
2482,2734,0.0002382103361246633,0.0002108332586012792,2.096509491764957e-06,6.411982605734533e-07,44.92834093607962
2483,2735,0.00023803365177768157,0.0002106801211167951,2.0877073832792665e-06,6.476456828093794e-07,44.94670345634222
2484,2736,0.00023772828185535734,0.00021062952582249993,2.044220235220094e-06,6.656553680656475e-07,44.96441033668816
2485,2737,0.00023740662560564743,0.00021047474715968408,2.0483731218041718e-06,6.448147227921621e-07,44.982013509608805
2486,2738,0.0002370853186022942,0.0002097361862420451,2.110233924693611e-06,6.246793113313026e-07,44.99953887518495
2487,2739,0.00023693144773447727,0.0002090138381934457,2.1807051347338036e-06,6.110558193693522e-07,45.017292561009526
2488,2740,0.00023676861441109426,0.00020879051882870598,2.1987396336987e-06,5.990699245401291e-07,45.034820209257305
2489,2741,0.00023664147281067492,0.0002088030202758739,2.1933207585620216e-06,5.905244949180822e-07,45.05236309673637
2490,2742,0.0002362618205603607,0.0002087214057451395,2.182297548228532e-06,5.717439332935872e-07,45.07002033945173
2491,2743,0.00023587710316657772,0.00020847494564009867,2.1840128496870345e-06,5.562029029608719e-07,45.087541113607585
2492,2744,0.0002354390374745363,0.00020795241672788412,2.188801651508001e-06,5.598604231572158e-07,45.105077353306115
2493,2745,0.00023512994162412776,0.00020768518310462306,2.1882347747338365e-06,5.562410772166328e-07,45.12274675536901
2494,2746,0.00023489531848667282,0.00020726355140311646,2.185721062663006e-06,5.774556456926313e-07,45.14028233382851
2495,2747,0.00023473826638125027,0.00020728970223961508,2.1709323202681145e-06,5.739240938954065e-07,45.15784984175116
2496,2748,0.0002346200811051586,0.00020740221355016088,2.1509152815160674e-06,5.708714739837088e-07,45.175329678691924
2497,2749,0.00023449762100065822,0.00020745557006220135,2.12783868199062e-06,5.763664118550662e-07,45.19288569036871
2498,2750,0.00023434870542274485,0.00020755457327659106,2.104686491737191e-06,5.747267228781899e-07,45.210967908613384
2499,2751,0.00023402439188220366,0.00020751442139938599,2.0769440399025887e-06,5.740530083791789e-07,45.22838923241943
2500,2752,0.0002336122523766668,0.00020723339592034198,2.034794720537546e-06,6.030909250949382e-07,45.24590640049428
2501,2754,0.00023317537905335347,0.00020691877023216475,1.994575963937704e-06,6.310849181811674e-07,45.26905738841742
2502,2756,0.00023298093758005744,0.00020685711707345972,1.980832044506976e-06,6.315500061527941e-07,45.29129026364535
2503,2757,0.00023259772976440493,0.00020666860789310548,1.9292348640640255e-06,6.636773230659218e-07,45.3082043081522
2504,2758,0.0002323175161677142,0.00020673724768942788,1.9011513313300011e-06,6.568755164986335e-07,45.32516706455499
2505,2759,0.0002320608659890828,0.00020631720844388194,1.8898792599856255e-06,6.844864945344588e-07,45.342070024460554
2506,2760,0.00023184793167050586,0.00020626756770357195,1.878079850673052e-06,6.799565460203383e-07,45.35909100808203
2507,2761,0.0002316602318789573,0.00020596193693922009,1.8966032309102507e-06,6.732262630634707e-07,45.37600030750036
2508,2762,0.0002314390276452516,0.00020542342861677756,1.935577373060524e-06,6.659825297868827e-07,45.39296329859644
2509,2763,0.00023124926028438928,0.00020491161197853504,1.955491843819329e-06,6.782729867660953e-07,45.41002201847732
2510,2765,0.00023116905424978208,0.0002047565848263874,1.9624609383303825e-06,6.787860040090874e-07,45.432691000401974
2511,2766,0.00023102020528015685,0.00020425662057158348,2.0247542321264655e-06,6.516042387308737e-07,45.45018384885043
2512,2767,0.00023090785817009638,0.00020381557979186777,2.0563990715703166e-06,6.528287662525444e-07,45.46726444270462
2513,2768,0.00023080980570256936,0.00020341706489098598,2.0914188304877067e-06,6.478552506706309e-07,45.48437192291021
2514,2769,0.00023070020756670373,0.00020295374695294383,2.1214308428134155e-06,6.532152185625747e-07,45.50149621348828
2515,2770,0.0002305733571621134,0.00020274642678498234,2.130587131401342e-06,6.521059063117631e-07,45.518811263144016
2516,2771,0.00023041003034843948,0.00020173415746909613,2.1774620672860698e-06,6.901252206482653e-07,45.53647833224386
2517,2772,0.00023021921754958375,0.000201933530924744,2.1398872624026225e-06,6.886814000813509e-07,45.553555590100586
2518,2773,0.00023004122384660643,0.00020204040877300685,2.1031157690986994e-06,6.969657382612567e-07,45.57090853899717
2519,2774,0.00022985985390399342,0.00020177445839799252,2.089951282291401e-06,7.185882683086909e-07,45.588158620521426
2520,2775,0.00022967488961420007,0.0002014551836327218,2.089512563750449e-06,7.324580343973751e-07,45.60543771274388
2521,2776,0.0002292557136341083,0.00020100774290857231,2.0877229345863496e-06,7.370741379672499e-07,45.622921735048294
2522,2777,0.0002289937210845461,0.000200996022949904,2.0735868356839483e-06,7.261829777802636e-07,45.64061336033046
2523,2778,0.0002285850026516551,0.00020079519039369734,2.085759512625929e-06,6.93221713169848e-07,45.65793240163475
2524,2779,0.0002284278375270202,0.0002011092140210707,2.0801152484212257e-06,6.51747102173722e-07,45.67530552484095
2525,2780,0.00022830379502125238,0.00020079727813859533,2.0948176568017077e-06,6.558340314639948e-07,45.69270911347121
2526,2781,0.00022817553716763457,0.00020076635361134526,2.0943996760724763e-06,6.465186795564541e-07,45.71019689925015
2527,2782,0.00022797358682884113,0.00020047231340910833,2.082286232274564e-06,6.678411096987161e-07,45.72772024292499
2528,2783,0.00022787706002198098,0.00020043903589776088,2.0500578627328223e-06,6.937445496891881e-07,45.74523410387337
2529,2784,0.00022778429306724514,0.00020030410596873867,2.0307073311301677e-06,7.173113787204817e-07,45.7638154104352
2530,2785,0.00022771279197142706,0.0002002746055191162,2.0358372014267485e-06,7.079814438043392e-07,45.78122453857213
2531,2786,0.00022764763845582362,0.00020033586422761964,2.0252169443073927e-06,7.059604785130057e-07,45.79874271154404
2532,2787,0.0002276006141212323,0.00020015926515284,2.02955970352455e-06,7.145751933146812e-07,45.81646171119064
2533,2788,0.00022752399472701268,0.00019987087782260301,2.0359011412822065e-06,7.294105491587607e-07,45.83407641109079
2534,2790,0.00022749365831145016,0.0001997475180902033,2.0347089167305493e-06,7.399051053941368e-07,45.857705775648355
2535,2791,0.00022742144083430044,0.00019955891320533686,2.038536553791863e-06,7.477162091044929e-07,45.87530513573438
2536,2792,0.00022728407193649692,0.00019940405696625976,2.0342138248243554e-06,7.537876721993607e-07,45.89288773201406
2537,2793,0.00022718640450324206,0.00019939620636060077,2.031391652878369e-06,7.476281613857612e-07,45.91049017012119
2538,2794,0.00022711703320569727,0.00019955630545326122,2.012914092612897e-06,7.431586826307071e-07,45.92814026866108
2539,2795,0.00022706820095230734,0.00019976392967052038,2.003009764874168e-06,7.274173633045278e-07,45.9456525426358
2540,2796,0.00022699121907142388,0.00019974285301399628,1.9980642677061414e-06,7.267723380366174e-07,45.96338818781078
2541,2797,0.000226922886972071,0.000199664864337281,1.9928938036649104e-06,7.329084598140893e-07,45.98092033434659
2542,2798,0.00022683065123818116,0.00019959616855398592,1.981293018115198e-06,7.421552503043258e-07,45.99843982513994
2543,2799,0.00022672477210206466,0.0001993402120360882,1.981381997512736e-06,7.570740090849112e-07,46.01613881625235
2544,2800,0.0002266102549269672,0.0001988746664483533,1.981621081434857e-06,7.919377664265353e-07,46.03429871238768
2545,2801,0.0002264928336118744,0.00019867809313230025,1.9922673865431633e-06,7.892066614142513e-07,46.05183464009315
2546,2802,0.00022636595718191697,0.00019836415804222238,2.012187780411381e-06,7.879921335580766e-07,46.069723836146295
2547,2803,0.00022629189166020812,0.00019825371011010672,2.0270824270638116e-06,7.767357279463281e-07,46.087889081798494
2548,2804,0.00022622971599193183,0.00019812718648470236,2.021753750358562e-06,7.884992003643845e-07,46.10540416184813
2549,2805,0.0002261706644158062,0.00019820958706574576,2.001527433929362e-06,7.94580301076682e-07,46.12306752521545
2550,2806,0.00022611430224768548,0.00019832558212003816,1.9769162182335814e-06,8.019557945311505e-07,46.14057267457247
2551,2807,0.00022606719468490556,0.0001982494205171287,1.9747477660311964e-06,8.070296507464891e-07,46.158159476704895
2552,2808,0.00022598685577520289,0.00019811402844324935,1.970522805842134e-06,8.167599273532201e-07,46.17571461945772
2553,2810,0.0002258971397925904,0.00019756756596248014,1.968036586992045e-06,8.649207960189825e-07,46.19938681740314
2554,2811,0.00022570837745401284,0.0001974924791235533,1.9571241655246913e-06,8.644656675212641e-07,46.21707985550165
2555,2812,0.00022550308483687822,0.0001975011458988465,1.9486238461129304e-06,8.515700476902441e-07,46.23463894519955
2556,2813,0.0002253238631944204,0.00019748838884555464,1.964209693369775e-06,8.193377415168023e-07,46.25219020154327
2557,2814,0.00022515237953961306,0.00019748413860011432,1.959061261131489e-06,8.077628328183865e-07,46.26972532086074
2558,2815,0.00022494769028390667,0.00019775690534819184,1.9507110209543617e-06,7.683674726171193e-07,46.28726953919977
2559,2816,0.0002246828757991529,0.00019776675135215605,1.9455349284099075e-06,7.460775162897786e-07,46.30482578277588
2560,2817,0.00022440947033925372,0.00019765162943015204,1.9371479124545456e-06,7.38636178455623e-07,46.3224300192669
2561,2818,0.0002241832765099877,0.00019784388425829943,1.9225089571339917e-06,7.114302680348348e-07,46.33999584428966
2562,2819,0.0002240651480310654,0.00019768802884803261,1.907972384860072e-06,7.297395334432069e-07,46.35753028187901
2563,2820,0.00022378402218391016,0.00019769602626066665,1.901906742501166e-06,7.068928498231866e-07,46.375049223192036
2564,2821,0.00022356974180189938,0.00019744269526787738,1.8950331872559529e-06,7.176714661462446e-07,46.39256762713194
2565,2822,0.00022328148504398903,0.00019710837450688954,1.8728850628982618e-06,7.44425990811688e-07,46.41018800344318
2566,2823,0.00022296562729070136,0.00019665288611806536,1.8816424490287096e-06,7.496316682348908e-07,46.427849791012704
2567,2824,0.0002226064800432098,0.00019652446175059458,1.8770645686653908e-06,7.311372605961291e-07,46.44537539407611
2568,2825,0.00022212865036048493,0.00019539614913248042,1.9364001966650743e-06,7.368499261353768e-07,46.462955565191805
2569,2826,0.0002215460469435141,0.0001951114719323465,1.952904290405045e-06,6.905532107117155e-07,46.480482335202396
2570,2827,0.00022134438602220986,0.00019495298896629183,1.9605333791371518e-06,6.786063264546522e-07,46.49804033804685
2571,2828,0.00022026082954834168,0.00019378577681700132,1.9542266196653037e-06,6.9327865346873e-07,46.515715702436864
2572,2829,0.0002198711512232828,0.00019238314669927932,1.9819266638033755e-06,7.668737885969716e-07,46.533741584047675
2573,2830,0.00021926015329300078,0.00019206267853313452,2.003676082229832e-06,7.160713937567948e-07,46.55126935709268
2574,2831,0.00021886720040364393,0.00019237177919158554,1.9454159378135584e-06,7.041261833922816e-07,46.56883575953543
2575,2832,0.00021816895536369083,0.00019137530326584535,1.97354051827918e-06,7.058246915053677e-07,46.58635582309216
2576,2833,0.00021782454062560644,0.000189588950810058,2.0072842742765526e-06,8.162747072782902e-07,46.60397417843342
2577,2834,0.00021703082989349635,0.00018932289542153506,2.012680240506586e-06,7.58113206689541e-07,46.621931170113385
2578,2835,0.00021687349296785197,0.00018948157260282374,2.006549142568272e-06,7.326428939345516e-07,46.639484563842416
2579,2836,0.00021625056017481295,0.00018851503763851442,2.0296516719463013e-06,7.43900581683551e-07,46.65702986065298
2580,2837,0.00021586750152065347,0.00018679384050635046,2.149357768382938e-06,7.580083330473623e-07,46.67459293175489
2581,2838,0.00021541682914663038,0.00018656769634032983,2.1121067106518063e-06,7.728065699782479e-07,46.692151952534914
2582,2839,0.0002150711742490696,0.00018624023415644278,2.138201895392984e-06,7.448921138696993e-07,46.709684796631336
2583,2840,0.0002147021045035243,0.00018574458165599494,2.1597970504014573e-06,7.359552343514773e-07,46.72725692205131
2584,2841,0.00021426543251883834,0.00018435732867021128,2.2514328367199986e-06,7.393775481427071e-07,46.74480698816478
2585,2842,0.00021386147070005034,0.00018366310943939706,2.251757397758445e-06,7.680787283068825e-07,46.7623997265473
2586,2843,0.00021352155596671317,0.00018311630869409783,2.241996273093976e-06,7.985284541675592e-07,46.77999343723059
2587,2844,0.00021305252855802025,0.00018175788842015857,2.285330431685297e-06,8.441335821008701e-07,46.79751672130078
2588,2846,0.00021292020278401537,0.0001819523467926982,2.2347186737968334e-06,8.620669253348835e-07,46.821260954253376
2589,2847,0.0002126212827089621,0.0001813251600881043,2.281304723033754e-06,8.483075390520288e-07,46.838832643814385
2590,2848,0.00021238021418293324,0.00018047977110432367,2.355046357064119e-06,8.349979507968372e-07,46.856364753097296
2591,2849,0.0002122094882865159,0.00018004966219140585,2.3721338840179467e-06,8.438487254930567e-07,46.87443549931049
2592,2850,0.0002120577783780403,0.0001797764278146002,2.3775771704634167e-06,8.50557885880596e-07,46.89196539577097
2593,2851,0.0002119257695742753,0.00017940563499938328,2.3842714835898058e-06,8.677419738993949e-07,46.90949728433043
2594,2852,0.00021176319136646766,0.00017915199665986795,2.3675482658185572e-06,8.935712048414135e-07,46.92704263981432
2595,2853,0.00021161022073420006,0.00017919309650241968,2.3509794754355725e-06,8.907329477424646e-07,46.944626993499696
2596,2854,0.00021141450629915944,0.00017924842627519108,2.3275067782420807e-06,8.891012241547565e-07,46.96222949679941
2597,2855,0.00021127009309323126,0.00017912254196733254,2.3455909980092502e-06,8.691641145806217e-07,46.97978855483234
2598,2856,0.00021108187370333235,0.00017868484522171225,2.358190633280217e-06,8.815122148817932e-07,46.99772066157311
2599,2857,0.0002108688158558138,0.00017837897260818996,2.3844256453344304e-06,8.645586794279519e-07,47.01548122614622
2600,2858,0.00021060265857529423,0.00017799091057216687,2.383188882675382e-06,8.779859176373533e-07,47.03303005639464
2601,2859,0.00021029782717986816,0.00017730143351768623,2.38829097251386e-06,9.113483937043339e-07,47.05056942254305
2602,2860,0.00021008626998045296,0.00017725033296392938,2.3585868730815992e-06,9.250068285707592e-07,47.068201628513634
2603,2861,0.00020988506608561277,0.00017660610705674741,2.3863068105007306e-06,9.415890923858049e-07,47.08572796359658
2604,2862,0.00020969058116270423,0.0001763564153853513,2.3885033517456982e-06,9.449132259895962e-07,47.10327429883182
2605,2863,0.00020940705979378429,0.00017637893305688779,2.3770482011737617e-06,9.257644725158887e-07,47.12085267249495
2606,2864,0.00020917964605768715,0.00017635877700379973,2.3374824552106817e-06,9.446044501780589e-07,47.13839480932802
2607,2865,0.00020893792810771608,0.00017635178826154707,2.2837915871179207e-06,9.748223974989797e-07,47.155910798348486
2608,2866,0.00020871307283464063,0.00017599482521716932,2.262647452342371e-06,1.0091773094047606e-06,47.17342242784798
2609,2867,0.00020853882354132376,0.0001757249876356681,2.2386348967156725e-06,1.0427486938498937e-06,47.19091428536922
2610,2868,0.00020830991089830698,0.00017530254657568042,2.2557603055871624e-06,1.0449761266754933e-06,47.208424884825945
2611,2869,0.0002080442428200059,0.0001745581029367519,2.296812590896859e-06,1.0518013974285433e-06,47.22600432205945
2612,2870,0.00020770896738992457,0.00017406453708172442,2.313073544474067e-06,1.0513694863459467e-06,47.2435485618189
2613,2871,0.0002074639527515041,0.00017359032638576623,2.3362466140229386e-06,1.0511160225508461e-06,47.261058216914535
2614,2872,0.0002073344554174086,0.00017337788285812187,2.3651248119765836e-06,1.030532443952092e-06,47.27852685190737
2615,2873,0.00020709950400531432,0.0001733427108732039,2.3552068690925046e-06,1.020472444118535e-06,47.296016639098525
2616,2874,0.00020693454056807902,0.0001731036533989359,2.3534601425883483e-06,1.0296285743259653e-06,47.313648263923824
2617,2875,0.0002066992288986709,0.00017274526448619076,2.3589158026929555e-06,1.0364806385550567e-06,47.33121951855719
2618,2876,0.00020640506331132997,0.0001722439183734342,2.3712876590467256e-06,1.0448268347428524e-06,47.348812946118414
2619,2877,0.00020605613091109374,0.0001718915326583976,2.3917108843700217e-06,1.0247489408995911e-06,47.366335027851164
2620,2878,0.00020566979313782103,0.00017159345886210103,2.39415241156705e-06,1.0134810160049493e-06,47.38382719550282
2621,2879,0.00020555463229662645,0.00017109240106229245,2.4036926559798597e-06,1.0425304674535409e-06,47.40135293453932
2622,2880,0.00020531700980576574,0.00017118452802876595,2.399059522697178e-06,1.0141886550028003e-06,47.4190037548542
2623,2881,0.0002051772090029778,0.00017098127245111026,2.4153994318133112e-06,1.0041942233734443e-06,47.4365215068683
2624,2882,0.0002050961400292624,0.00017076209507898793,2.402112143244143e-06,1.0312923517833052e-06,47.45475845504552
2625,2883,0.00020500340428373983,0.0001706590136658975,2.4004325987615515e-06,1.0340064630226823e-06,47.47231718059629
2626,2884,0.00020490250182769544,0.00017058300286263513,2.400706359276896e-06,1.0312435372291373e-06,47.4897912023589
2627,2885,0.00020481457191087957,0.00017045492122250074,2.397528566021305e-06,1.0384365028165793e-06,47.50727077014744
2628,2886,0.00020472964696414752,0.00017036723275873765,2.395121399167985e-06,1.041120021373002e-06,47.52483784686774
2629,2887,0.0002046543381716483,0.0001704188100560033,2.389585628591223e-06,1.0339671829732791e-06,47.54231533408165
2630,2888,0.00020459957446511924,0.00017044702388645212,2.3915474942330184e-06,1.023707563633694e-06,47.5598519006744
2631,2889,0.00020454742871602914,0.0001704927780515197,2.3940393351315895e-06,1.0114257313193543e-06,47.57730306033045
2632,2890,0.0002044962321478865,0.000170527487247784,2.39042079273724e-06,1.006453697273011e-06,47.59512273687869
2633,2891,0.0002044154782554955,0.00017034172740294017,2.3985847219687746e-06,1.0087903632867603e-06,47.61271802615374
2634,2892,0.00020432574264396896,0.00017039267095836678,2.386828331721549e-06,1.00647883683867e-06,47.63037399016321
2635,2894,0.00020429717826427282,0.00017022190588587377,2.3996765882899126e-06,1.0078506495499922e-06,47.6551382932812
2636,2895,0.0002041692630361124,0.00017021250115754706,2.372977134190655e-06,1.022699053665879e-06,47.6725988779217
2637,2896,0.00020395246194411136,0.00017022080681025625,2.3380086295560485e-06,1.0351568838294628e-06,47.690097600221634
2638,2897,0.00020369255068765187,0.00016990385082154107,2.317810131938146e-06,1.0610598546729323e-06,47.70842197816819
2639,2899,0.0002035351928550039,0.00016978201604266212,2.332572043716427e-06,1.0427456375177525e-06,47.73212377168238
2640,2900,0.00020313312618882228,0.00016859691807638382,2.324381617437322e-06,1.129239193806523e-06,47.749607311561704
2641,2901,0.00020267851023275419,0.00016806606403947492,2.3383093176107314e-06,1.1229353017171937e-06,47.767162094824016
2642,2902,0.00020220425368194098,0.00016665388266113234,2.395182488132503e-06,1.159854613948361e-06,47.78463331889361
2643,2904,0.0002017977551912452,0.00016617866078252164,2.4162414203426436e-06,1.1456680205297134e-06,47.80818759929389
2644,2905,0.0002012892331410364,0.00016548723587028275,2.4686066889882546e-06,1.1115930380871093e-06,47.82577482890338
2645,2906,0.0002007717901676087,0.00016465749964227075,2.501649216608889e-06,1.1097798359249074e-06,47.84321251977235
2646,2907,0.000200327516589514,0.00016433105285418537,2.5601314164060467e-06,1.0395149571268162e-06,47.86066252924502
2647,2908,0.00019995733330291756,0.00016425625746718407,2.5422337124210985e-06,1.0278738711522492e-06,47.87870100047439
2648,2909,0.0001997429775308377,0.0001644223496117489,2.514722710456323e-06,1.0173400814525566e-06,47.89622416347265
2649,2910,0.00019924283451435072,0.00016399434304423315,2.5091689383551404e-06,1.0156802086566179e-06,47.91379691939801
2650,2912,0.00019907016562976002,0.00016360376345480205,2.5312733296358206e-06,1.0153668878599785e-06,47.93747191783041
2651,2913,0.00019874414437766032,0.00016352358589319377,2.497190848608536e-06,1.024864999838119e-06,47.95602358132601
2652,2914,0.00019846672736908397,0.00016319007821492796,2.543156571546447e-06,9.845083438691561e-07,47.97336452640593
2653,2915,0.00019811777164467815,0.00016307333787637655,2.531248965329353e-06,9.73194411500807e-07,47.99088707379997
2654,2916,0.0001970846337951724,0.00016287199107594194,2.4922160139890147e-06,9.290482579340302e-07,48.00844489969313
2655,2917,0.00019591239961530948,0.00016273848178368334,2.459352620952398e-06,8.580391622102145e-07,48.02606880106032
2656,2918,0.00019536375493093354,0.00016255165921747516,2.4161812106627487e-06,8.650283606830875e-07,48.043590006418526
2657,2920,0.00019489066441499546,0.00016286162356538844,2.3785620447208025e-06,8.243420402398985e-07,48.06729512382299
2658,2922,0.00019460552487748827,0.00016271041727418544,2.3753798513785666e-06,8.141309089517176e-07,48.09087836090475
2659,2923,0.0001944486735632036,0.00016194265834550126,2.4406264930218922e-06,8.099750287483412e-07,48.108350245282054
2660,2924,0.00019401003749582865,0.0001617535854824247,2.417072096890269e-06,8.085731044501256e-07,48.1259088460356
2661,2925,0.00019377987706030921,0.00016156685001323675,2.402513534746915e-06,8.187891699603324e-07,48.1433716583997
2662,2926,0.0001935602547036075,0.00016106997664250172,2.4160594793253662e-06,8.329683267852095e-07,48.16087151132524
2663,2927,0.00019338275007675117,0.00016034895887827058,2.4933079197258996e-06,8.100712001221598e-07,48.17834020126611
2664,2928,0.0001932910947659584,0.0001598575667205309,2.5280439777269236e-06,8.15308826815828e-07,48.19580474123359
2665,2929,0.00019311701135675535,0.00015958503593646242,2.5366148142499426e-06,8.165827277793502e-07,48.213356267660856
2666,2930,0.00019290841031499337,0.0001592088153944174,2.5407080371653674e-06,8.292514548922305e-07,48.23099689092487
2667,2931,0.00019260787631790376,0.00015826260784681495,2.5915356118346855e-06,8.42991235274194e-07,48.248465379700065
2668,2932,0.00019242817236194586,0.00015822976037973402,2.549757250457396e-06,8.700839477637867e-07,48.26603937987238
2669,2933,0.00019221160151748152,0.00015776741371024882,2.573621940561889e-06,8.707968401613815e-07,48.283531482331455
2670,2934,0.00019196632922594052,0.00015741392053228142,2.5815634533093287e-06,8.736774160565846e-07,48.30104822758585
2671,2935,0.0001917467483074659,0.00015716929606166317,2.5788401292988328e-06,8.789050952814403e-07,48.31872822251171
2672,2936,0.0001915672099252795,0.00015709957500967855,2.5745662322230295e-06,8.721972593370643e-07,48.33628906682134
2673,2937,0.00019138461215783845,0.0001569138430792762,2.5827514821054874e-06,8.64325425750737e-07,48.35431860201061
2674,2938,0.00019122273037097977,0.00015682279863962387,2.598890245707133e-06,8.411029274284564e-07,48.37177753075957
2675,2939,0.00019101335079496962,0.00015645951504800678,2.6272598896677587e-06,8.281236850285238e-07,48.389341342262924
2676,2940,0.00019068540051686136,0.00015587601082318412,2.6557758761888153e-06,8.251630931789099e-07,48.406935897655785
2677,2941,0.00019011604856544547,0.00015501723958409458,2.670583068938592e-06,8.392978291964949e-07,48.424637692049146
2678,2942,0.0001899533347506602,0.00015364378936003992,2.83770708284582e-06,7.932474562162061e-07,48.442127705551684
2679,2943,0.00018931757020325862,0.00015297128841513198,2.7116573538861316e-06,9.229708249265324e-07,48.45961889158934
2680,2945,0.00018906493658492105,0.00015291304112077743,2.675929462114995e-06,9.392600842993672e-07,48.48414934333414
2681,2946,0.00018889320521071602,0.00015343681049935203,2.653822628932819e-06,8.918168422035797e-07,48.501682995818555
2682,2947,0.00018849115424629601,0.00015253329079864986,2.6720958059823195e-06,9.236905387822966e-07,48.51961140986532
2683,2948,0.00018833198417905552,0.00015203406452037104,2.6642020002406432e-06,9.655899656278062e-07,48.537109615281224
2684,2949,0.0001882030355276985,0.0001518665490132486,2.6610356306783517e-06,9.726130207666373e-07,48.55458691343665
2685,2950,0.00018808899163105168,0.00015168865674572332,2.6651280070034743e-06,9.749054815293603e-07,48.572542142122984
2686,2951,0.00018799036428172414,0.00015145001788796137,2.665581955501367e-06,9.884526838749104e-07,48.59005685802549
2687,2952,0.00018783904055376917,0.00015104597230260157,2.6866330793212458e-06,9.92673745795515e-07,48.60752778220922
2688,2953,0.0001877356611504667,0.00015104106723030507,2.6700124914905955e-06,9.994469005255687e-07,48.62508120108396
2689,2954,0.00018761063662311585,0.00015051819484493756,2.7120081092784097e-06,9.97236068539421e-07,48.642585332505405
2690,2955,0.00018748539005855784,0.00015032399766880041,2.766978955561035e-06,9.491602834147094e-07,48.66054520290345
2691,2956,0.000187370052601118,0.00015033711987327483,2.7527310084451698e-06,9.505622643391466e-07,48.678091844543815
2692,2957,0.0001872939747830454,0.000150682409400726,2.711817189816732e-06,9.493393484152068e-07,48.69648086279631
2693,2958,0.00018727882408637255,0.00015071220971655096,2.687740934586317e-06,9.689205023958428e-07,48.714062828570604
2694,2959,0.0001871394034432434,0.000150812153575679,2.680090479643502e-06,9.526345071129382e-07,48.731714913621545
2695,2960,0.00018702518983599833,0.00015084801269343414,2.674824221275405e-06,9.428934929810137e-07,48.74920674134046
2696,2961,0.00018685375167606873,0.00015095346561305517,2.6588467263268604e-06,9.31181879974495e-07,48.76675733551383
2697,2962,0.00018669083302675613,0.0001509046944215263,2.647641338276878e-06,9.309725222461062e-07,48.78423966653645
2698,2963,0.00018652672990231357,0.00015084525972643853,2.635573241571975e-06,9.32573776015528e-07,48.80174627061933
2699,2964,0.0001864152505882202,0.00015092614074063232,2.6222508249493594e-06,9.266601598094297e-07,48.81946344021708
2700,2965,0.00018628590990709396,0.00015070900645652654,2.61297500684277e-06,9.447153382139725e-07,48.83706150110811
2701,2966,0.00018615245398180978,0.00015045957152835137,2.619204565956115e-06,9.500836793897266e-07,48.85458888951689
2702,2967,0.0001859626346875151,0.0001501925402160152,2.6223802642582663e-06,9.54629182891723e-07,48.87215721234679
2703,2968,0.00018576048404560816,0.00014961897645369223,2.645446613976943e-06,9.68704145214649e-07,48.88961802050471
2704,2969,0.00018552014548550014,0.0001491919704010587,2.6416703404454534e-06,9.911471679986902e-07,48.90714341867715
2705,2970,0.00018519074846659565,0.00014871631033974632,2.6430554875656212e-06,1.0043883251193092e-06,48.92471846845001
2706,2971,0.00018489420393768627,0.0001486961958648826,2.600312911417075e-06,1.0194878958632907e-06,48.94221045449376
2707,2972,0.00018471896396865008,0.00014878705236115287,2.566701241184596e-06,1.0264899195651239e-06,48.95984975248575
2708,2974,0.00018462631601967057,0.00014893285110909184,2.5370234041038172e-06,1.032323086954056e-06,48.98341743927449
2709,2975,0.00018442745754163693,0.00014938726762659047,2.5056744150056608e-06,9.98344576498986e-07,49.000930461101234
2710,2976,0.00018415912092499052,0.00014959622020530817,2.455520132090488e-06,1.000769939877747e-06,49.018610417842865
2711,2977,0.00018389330642801853,0.00014923797820999367,2.4855098504450973e-06,9.800229713573898e-07,49.03617759980261
2712,2979,0.0001837616537680924,0.00014915721495429776,2.4764179564315676e-06,9.840259249478947e-07,49.0604206006974
2713,2980,0.00018356826435691494,0.00014877062302536229,2.506924818758535e-06,9.728393143967315e-07,49.07804109528661
2714,2981,0.00018344381581010996,0.00014855357890525603,2.5040282626749086e-06,9.849954278104847e-07,49.095581834204495
2715,2982,0.00018332213965553158,0.00014854945408733765,2.4938568280976346e-06,9.834117287217567e-07,49.113204724155366
2716,2983,0.0001832208038973888,0.00014878335309222458,2.458247154714493e-06,9.854979258019303e-07,49.13077803887427
2717,2984,0.00018308902433192967,0.0001489294117495061,2.4266573377717894e-06,9.89303920470568e-07,49.14832366909832
2718,2985,0.00018302750341533662,0.00014937568787480956,2.3945005836008367e-06,9.706809704518689e-07,49.16585087124258
2719,2986,0.00018297684527507062,0.00014916787593042188,2.409960972368554e-06,9.709359620963196e-07,49.1837456850335
2720,2987,0.00018292261378833984,0.00014893654242598316,2.4342127192958178e-06,9.643944169398494e-07,49.20135792531073
2721,2988,0.00018284393410968145,0.00014861035640539386,2.4718702625989077e-06,9.514875078298509e-07,49.21900900453329
2722,2989,0.00018273756611327137,0.0001482610006660914,2.507406442954571e-06,9.402501017634247e-07,49.236545325256884
2723,2990,0.00018258880323993392,0.00014809010789208695,2.5211227107130542e-06,9.287468240716428e-07,49.2540861684829
2724,2991,0.00018239984497641268,0.00014780022388419093,2.529743574016284e-06,9.302185352058915e-07,49.27170726843178
2725,2992,0.00018219544116821818,0.00014742112372671663,2.523531952696512e-06,9.538997914536455e-07,49.29012754559517
2726,2993,0.00018204399081196996,0.00014725616388107287,2.51528954076526e-06,9.634931523244487e-07,49.30773573834449
2727,2994,0.00018189501925378675,0.00014711810147288788,2.490266403605854e-06,9.874253744840308e-07,49.32526276353747
2728,2995,0.00018168733472544122,0.00014686758173527404,2.4902984746686612e-06,9.916768243480585e-07,49.34284219518304
2729,2996,0.0001813948131788136,0.00014622849344149812,2.5108427049065477e-06,1.0057892688250012e-06,49.360388659872115
2730,2997,0.00018105059494156076,0.00014592898147314798,2.525703416078188e-06,9.864579307630885e-07,49.37792936805636
2731,2998,0.00018071289624665922,0.00014531672209313823,2.5673084591581413e-06,9.723089561939573e-07,49.395510697737336
2732,2999,0.00018038343902902315,0.00014523089450127767,2.5449657485209274e-06,9.7028870425362e-07,49.41319363564253
2733,3000,0.00018005842427083174,0.0001451010668593073,2.513435405536778e-06,9.823003356156675e-07,49.43077504169196
2734,3001,0.00017958550954101727,0.00014496650855066887,2.4628500763155307e-06,9.990500227193085e-07,49.448294688016176
2735,3002,0.00017868519885577564,0.00014483964571543881,2.3480891900169326e-06,1.0364661240167493e-06,49.46581821050495
2736,3003,0.00017820873600388548,0.00014418655744913756,2.2260179597525096e-06,1.1761998957222817e-06,49.483845772221684
2737,3004,0.00017762018358426617,0.00014316472515027927,2.3770393275081964e-06,1.0685065158904921e-06,49.501257583498955
2738,3005,0.00017738966049731702,0.00014271687117303904,2.432681131236537e-06,1.0345978011912594e-06,49.51898882817477
2739,3006,0.00017679907192985189,0.00014275312919418028,2.3196482443926047e-06,1.084946029174557e-06,49.53655125759542
2740,3007,0.000176463227662801,0.0001425894796395498,2.311746020915999e-06,1.0756287814091214e-06,49.55410933960229
2741,3008,0.0001760988683386057,0.00014223898027391756,2.3177091064114535e-06,1.0682797000573603e-06,49.57171600405127
2742,3009,0.00017564760128974087,0.00014174583359428768,2.313517983827267e-06,1.0766587857180509e-06,49.589242458343506
2743,3010,0.00017525243395413875,0.0001413256609707407,2.3282467386521026e-06,1.0644305596877026e-06,49.60995243862271
2744,3011,0.0001746918935972462,0.00014124289722704302,2.2693090912701934e-06,1.0755905457501267e-06,49.627650221809745
2745,3012,0.00017381408884049006,0.00014146180413662833,2.1351616628317173e-06,1.100066807554455e-06,49.64518837723881
2746,3013,0.00017320758694623753,0.00014150368819726677,2.133052498315673e-06,1.0373373765814024e-06,49.66268351115286
2747,3014,0.0001722443557502611,0.00014020367254505723,2.1401558241591153e-06,1.06391249636127e-06,49.680226751603186
2748,3015,0.00017169990838767846,0.00013993447202249073,2.177982914413797e-06,9.985607221049759e-07,49.69823718536645
2749,3016,0.00017097413489683034,0.000139856617556468,2.1554505139667055e-06,9.563012200695266e-07,49.71575579140335
2750,3018,0.00017033059909466177,0.0001394754017243283,2.141083517988442e-06,9.444362190449058e-07,49.74057756923139
2751,3019,0.00017009449865771422,0.00013985174639765766,2.2192092866884674e-06,8.050659393171866e-07,49.75821229442954
2752,3020,0.0001695599057412,0.00013967630768230691,2.1610443281890556e-06,8.273154777002538e-07,49.77587251551449
2753,3021,0.0001693040091773699,0.00013894768338692978,2.148241265560817e-06,8.873913134831937e-07,49.79340263362974
2754,3022,0.00016902231180272772,0.00013882966625045615,2.1527612922467667e-06,8.665032629803892e-07,49.81091590132564
2755,3023,0.0001686589531722094,0.00013897446572673687,2.1237915788494365e-06,8.446571656978159e-07,49.82843760307878
2756,3024,0.00016838558884568682,0.0001388777700879932,2.084786197906687e-06,8.659956778626748e-07,49.84597671311349
2757,3025,0.0001680672102011877,0.00013847701728306216,2.0696276078563553e-06,8.893916839561973e-07,49.863465691916645
2758,3026,0.0001676063728458476,0.00013782231312515993,2.025402373663826e-06,9.530035984049408e-07,49.88143518101424
2759,3027,0.00016718815989414672,0.000137537209988955,2.0104807752162986e-06,9.546142153028724e-07,49.89893343672156
2760,3028,0.00016626514706450705,0.00013636877179446806,2.0097736070836054e-06,9.798639199202954e-07,49.91659866273403
2761,3029,0.0001653811496221386,0.00013551246525305972,1.9726687825093173e-06,1.0141996543985692e-06,49.934194129891694
2762,3030,0.00016498069229294146,0.0001349495232087254,1.9811597279277894e-06,1.0219571804938173e-06,49.952204182744026
2763,3031,0.0001647914709056187,0.00013455104224162616,1.9782913166275866e-06,1.0457515497716677e-06,49.96982703264803
2764,3032,0.00016457224946312142,0.00013492643276522478,1.9179453638664463e-06,1.0466363059232172e-06,49.987991409376264
2765,3033,0.0001643382353220775,0.00013481618694074834,1.8897969614611243e-06,1.062407876671792e-06,50.005412203259766
2766,3034,0.00016410051073149153,0.00013450448541606176,1.8965195756291868e-06,1.0630829559137914e-06,50.023142382502556
2767,3035,0.00016384383992588698,0.0001342126399953291,1.8452862494863874e-06,1.1178337435693995e-06,50.04065570887178
2768,3036,0.00016368029759024312,0.00013418901462772413,1.7964197065039873e-06,1.1527085897479086e-06,50.05817754007876
2769,3037,0.00016357105276591246,0.00013418663847774713,1.7902164392571974e-06,1.1482249895593378e-06,50.07575372979045
2770,3038,0.0001633823871674164,0.00013425680543721158,1.7728032369793938e-06,1.1397549360410888e-06,50.09324590861797
2771,3039,0.000163159816622338,0.00013421693217049562,1.7931523920590544e-06,1.101136053125183e-06,50.11078861169517
2772,3040,0.00016298206496026353,0.0001340629123362885,1.808261342164826e-06,1.0836539202326762e-06,50.1283166622743
2773,3041,0.00016276149873336386,0.00013378123061055886,1.8135576969813537e-06,1.0844691152991456e-06,50.14591530431062
2774,3042,0.00016242265259684214,0.00013369346645785845,1.8139397440737159e-06,1.0589788698246525e-06,50.16346144210547
2775,3043,0.00016221841348706083,0.00013364041500726168,1.7778154967097976e-06,1.0799843512701185e-06,50.181137301027775
2776,3044,0.00016184914930194257,0.0001336290833409622,1.7643307948088134e-06,1.0576758012892254e-06,50.19867445435375
2777,3045,0.0001615538343248875,0.00013377387274471472,1.7324721905298444e-06,1.0455239674874323e-06,50.21627125516534
2778,3046,0.00016128239023544563,0.00013385064514694623,1.692172790932271e-06,1.0510017179176702e-06,50.23392699658871
2779,3047,0.00016117515219291674,0.00013426769850214795,1.6640917120071e-06,1.0266536570697788e-06,50.25144336372614
2780,3048,0.0001607657092562777,0.00013370228713865164,1.6609668033804948e-06,1.0453754083821094e-06,50.26898682769388
2781,3049,0.0001605530935062264,0.00013322121856352713,1.6988074035717756e-06,1.0343800906981516e-06,50.28729596640915
2782,3050,0.00016022441925729998,0.0001329538049419779,1.6795437536885118e-06,1.0475176778436971e-06,50.304886476136744
2783,3051,0.00015991221146940339,0.00013263093989094958,1.6713220688379024e-06,1.0568050890074784e-06,50.32249441090971
2784,3052,0.00015977519405870722,0.00013231548368900195,1.6500961458860341e-06,1.0958748910844928e-06,50.34005101211369
2785,3053,0.00015935954831139269,0.00013227918577117696,1.6479009012963782e-06,1.0601353527251927e-06,50.357598398812115
2786,3055,0.0001592762856279806,0.00013217364831321496,1.6350586422858926e-06,1.075205089190674e-06,50.381307921372354
2787,3056,0.0001591951600840985,0.00013203685050546904,1.5997536183134903e-06,1.1160773395494566e-06,50.398885511793196
2788,3057,0.0001590531684926476,0.00013177010128322155,1.624553042714498e-06,1.1037536782281062e-06,50.41644632536918
2789,3058,0.00015898378486622992,0.00013166517518533243,1.6371846274248256e-06,1.094676340664923e-06,50.43477510288358
2790,3059,0.0001588981953800691,0.00013127389321564191,1.6637928699441058e-06,1.0986373464986118e-06,50.45280536450446
2791,3060,0.0001588001013699306,0.00013094827897942963,1.6747532144206575e-06,1.110429024629439e-06,50.470405580475926
2792,3061,0.00015870552672592612,0.0001306846640602148,1.6927813119690038e-06,1.1093049546021285e-06,50.48794120643288
2793,3062,0.00015856683996873965,0.00013067509534044273,1.6939390905668543e-06,1.095235372262838e-06,50.50548179727048
2794,3063,0.00015843987708939175,0.0001306070044466388,1.7012707153518379e-06,1.0820165489234566e-06,50.523143000900745
2795,3064,0.00015829624134559134,0.00013080881299473905,1.6645772379860177e-06,1.084165597099212e-06,50.540718086995184
2796,3065,0.0001581864913913365,0.00013081495549452322,1.6504522230762763e-06,1.0867013666050498e-06,50.55910988431424
2797,3066,0.00015806035355241793,0.0001306934343045693,1.6572883835755482e-06,1.0794035412093167e-06,50.57657973933965
2798,3067,0.00015798407557153057,0.00013057399316504344,1.6572967977886806e-06,1.0837114428600323e-06,50.594150259159505
2799,3068,0.00015790669756177142,0.00013059165500401565,1.684994311868155e-06,1.0465099439074211e-06,50.611708282493055
2800,3069,0.00015782518459989868,0.0001305223241821212,1.6912358044713781e-06,1.039050237306371e-06,50.629340316168964
2801,3070,0.00015772216628868666,0.00013057508271968377,1.6836160424850183e-06,1.0310923144152706e-06,50.64741788525134
2802,3071,0.00015757743655260494,0.00013071845580559744,1.660753734487789e-06,1.0251443402129592e-06,50.66497033368796
2803,3072,0.00015737404306212754,0.00013083238252189984,1.6283950151627936e-06,1.0257710388599747e-06,50.682551473379135
2804,3073,0.0001571515182887965,0.0001308364178606879,1.6013278901349956e-06,1.0301821526758655e-06,50.700177694670856
2805,3074,0.00015679166495095214,0.0001306993326170862,1.5818980117850775e-06,1.0273352216015159e-06,50.71783410012722
2806,3076,0.00015660538514782724,0.00013043127261814466,1.5743150481584433e-06,1.0430962048098141e-06,50.741579183377326
2807,3077,0.00015630580974266282,0.00013037833789519745,1.5753124271077842e-06,1.017434757638752e-06,50.75914648268372
2808,3078,0.00015598349859146933,0.0001302477513777225,1.592508382071735e-06,9.810663393029498e-07,50.776739129796624
2809,3079,0.0001556894221802938,0.00012990657326652545,1.6104180091736535e-06,9.67866882203184e-07,50.79423857014626
2810,3080,0.00015529667932682876,0.00012973017567579912,1.6031444985691142e-06,9.535058665338469e-07,50.81176323071122
2811,3081,0.00015489002908700847,0.0001295783231851057,1.6003832234791403e-06,9.307873667111383e-07,50.82930508814752
2812,3082,0.00015409426597334872,0.00012922299266420544,1.5565246354489096e-06,9.3060269546542e-07,50.84689446631819
2813,3084,0.0001537277503146152,0.00012890952267402819,1.5565780675830691e-06,9.252446964756321e-07,50.87053584959358
2814,3085,0.0001531982376093586,0.00012909325818240847,1.4679279731908773e-06,9.425699695041356e-07,50.888597999699414
2815,3087,0.00015246704790623582,0.00012852832573155201,1.4330127907646788e-06,9.608594267037001e-07,50.91279576253146
2816,3089,0.0001520388380485152,0.00012812194540068406,1.4305680273741091e-06,9.611212374090052e-07,50.93645510170609
2817,3090,0.00015163412482968998,0.0001273966187547425,1.5101645579918009e-06,9.135860495029468e-07,50.954053273424506
2818,3091,0.0001511741958306829,0.0001271348572473197,1.484925734210098e-06,9.190081241262217e-07,50.9716429496184
2819,3092,0.00015063715853755693,0.0001269127704150221,1.4656731571704069e-06,9.067656550830778e-07,50.98915781639516
2820,3093,0.00015038857147031722,0.000127259813027649,1.459206250934014e-06,8.53669593332806e-07,51.00676646921784
2821,3094,0.00015018558892082297,0.00012684671039072735,1.4830837121057248e-06,8.508041409038362e-07,51.02436623163521
2822,3095,0.00015003386479092685,0.0001265999916943805,1.4852720309689523e-06,8.581152786856838e-07,51.04191855806857
2823,3096,0.00014990224418124845,0.00012675478417933488,1.4660938372026831e-06,8.486521629886744e-07,51.05946346744895
2824,3097,0.00014972651229595637,0.00012683261091447814,1.4526636194973163e-06,8.367265186505056e-07,51.07713341806084
2825,3098,0.00014945830353301984,0.00012674840091249657,1.4444878215616448e-06,8.265024404906803e-07,51.094660493545234
2826,3099,0.00014942265906066292,0.00012695829874107196,1.4074252423569322e-06,8.39010789602164e-07,51.11254698783159
2827,3100,0.00014918589505315695,0.00012668053105950708,1.4196304814566404e-06,8.309059179083473e-07,51.13147519342601
2828,3101,0.00014906415882405213,0.00012653022912356563,1.4253083509947213e-06,8.280846190539297e-07,51.149011495523155
2829,3102,0.0001488848093756368,0.00012620724851547408,1.4276367731368771e-06,8.401193128793972e-07,51.16651564091444
2830,3103,0.0001485421981275159,0.00012577953508088774,1.4140414784897426e-06,8.622248261730733e-07,51.18403147812933
2831,3104,0.00014832549477683331,0.00012553593196877415,1.4048174386272953e-06,8.741388421786221e-07,51.2015798650682
2832,3105,0.0001478285945500231,0.0001252518003044213,1.3599124612110583e-06,8.977669633491197e-07,51.21928244549781
2833,3106,0.00014733895067795146,0.00012537188279263957,1.3150585512006905e-06,8.816482373304973e-07,51.23686075024307
2834,3107,0.00014687472530303686,0.0001258807853698503,1.254586858658267e-06,8.448071346603902e-07,51.25437016133219
2835,3108,0.00014641582260971822,0.0001266625065427353,1.1880640246898707e-06,7.872675820084225e-07,51.27196412719786
2836,3109,0.00014597842398264723,0.00012641109220540872,1.1949854814170995e-06,7.617476963067497e-07,51.28948576468974
2837,3110,0.0001456741273263302,0.00012638214173262187,1.169085513155117e-06,7.601130462157177e-07,51.30750098917633
2838,3111,0.00014556286903119793,0.00012658297106387227,1.1676342030101925e-06,7.303555937223718e-07,51.325101321563125
2839,3112,0.0001453326661909483,0.00012617008425639965,1.172467155894834e-06,7.437910375600325e-07,51.34263598546386
2840,3113,0.00014510067883563498,0.00012640575967510202,1.1241672723504728e-06,7.453246437028245e-07,51.360144895501435
2841,3114,0.00014491334006955684,0.00012654684349911488,1.111800126673785e-06,7.24849530370413e-07,51.37911884114146
2842,3115,0.00014467525884740885,0.00012679858149040613,1.0926208230624068e-06,6.950469126378655e-07,51.39663369953632
2843,3116,0.00014453482809513555,0.0001271699144431069,1.076042850790237e-06,6.604485144126267e-07,51.41415334679186
2844,3117,0.0001443944732397691,0.0001271218745726038,1.0667249319386923e-06,6.605349347778374e-07,51.43170074839145
2845,3118,0.0001443267841023898,0.00012709003534824135,1.0752998919875526e-06,6.483749834272941e-07,51.449306829832494
2846,3119,0.00014428505690456056,0.0001270265884739728,1.0741190363933823e-06,6.517278066653919e-07,51.46817483752966
2847,3120,0.0001442498543318203,0.00012698324476922447,1.0743285459092906e-06,6.52332410350292e-07,51.48624112736434
2848,3121,0.00014422357185201533,0.00012700155101822648,1.0696457573090867e-06,6.525563260698001e-07,51.50376659631729
2849,3122,0.00014420170985026992,0.0001270743516804616,1.0581462295305966e-06,6.545895874502351e-07,51.52227253187448
2850,3123,0.00014417232353358876,0.00012715993142230008,1.0476898877139567e-06,6.535493234149113e-07,51.539837438613176
2851,3124,0.000144126842569905,0.00012726399417289474,1.0331460241827264e-06,6.531388155182979e-07,51.557345915585756
2852,3125,0.0001440120268923923,0.00012741937682775558,1.0066278101272674e-06,6.526371963364019e-07,51.57494313828647
2853,3126,0.00014391621518839202,0.00012794992875283576,9.66879166812038e-07,6.297494767435859e-07,51.59248993545771
2854,3127,0.00014380896329315208,0.00012780687112172746,9.768241256000416e-07,6.233850915424188e-07,51.610029170289636
2855,3128,0.00014365608263762876,0.0001278410478200173,9.794670219773134e-07,6.020364597838328e-07,51.627656613476574
2856,3129,0.0001435473759186711,0.00012773894051239595,9.870596284288601e-07,5.937839121986531e-07,51.64521120209247
2857,3130,0.0001433923561552877,0.00012784320443549475,9.756891458917323e-07,5.792260260875614e-07,51.6637560846284
2858,3131,0.00014323944250784618,0.00012771577448793936,9.776753212424792e-07,5.746914807482017e-07,51.68170377518982
2859,3132,0.00014308957414693876,0.00012752056209034982,9.80120600286382e-07,5.767806053725133e-07,51.69923105183989
2860,3133,0.00014288784811621697,0.00012700430989249798,1.0011329264390301e-06,5.872208959328683e-07,51.716856124810874
2861,3134,0.00014266242642972155,0.00012652726789888765,1.0220449818390451e-06,5.914708712443452e-07,51.73449874483049
2862,3135,0.0001423810090374486,0.0001257512433512702,1.0580880420394037e-06,6.048885265784373e-07,51.75203967746347
2863,3136,0.00014226339228303288,0.0001245655570389477,1.1453764277044987e-06,6.244070967040185e-07,51.76957502961159
2864,3137,0.0001420032195174781,0.00012484367025520954,1.095207755161191e-06,6.207471710656649e-07,51.78765822015703
2865,3138,0.0001417552577489451,0.00012440556101357139,1.0925744049569971e-06,6.42395268580374e-07,51.80588789191097
2866,3139,0.00014156144299643452,0.0001239252366475022,1.1133508543457582e-06,6.502697805474724e-07,51.823436971753836
2867,3140,0.0001413307824263381,0.00012322966058132327,1.1453015202509501e-06,6.648106642505329e-07,51.84102200716734
2868,3141,0.00014121339628839737,0.00012277591630194165,1.1746248655192086e-06,6.691231331263624e-07,51.85853392444551
2869,3142,0.00014105879193259034,0.00012260021011023384,1.1759599451519498e-06,6.698982370836994e-07,51.876118135638535
2870,3143,0.0001408821751451561,0.0001224456189507322,1.175478578771315e-06,6.681770406710754e-07,51.89368493203074
2871,3144,0.00014074352880542241,0.00012216885877571889,1.1834062020228432e-06,6.740608009475097e-07,51.91122018825263
2872,3145,0.00014058053726446112,0.00012209930145554195,1.1839640000714911e-06,6.641595808204261e-07,51.92946199886501
2873,3146,0.00014043122935155646,0.0001216245165963785,1.2278684074098223e-06,6.52802868107973e-07,51.94704514928162
2874,3147,0.0001402888544082226,0.00012165567291937292,1.2207213427793734e-06,6.425968061055975e-07,51.964643493294716
2875,3148,0.00014011302707850126,0.00012188126472795362,1.188212744073415e-06,6.349634909813475e-07,51.98228009045124
2876,3149,0.0001398884068541936,0.00012200058019218111,1.1707666065029085e-06,6.180160596983437e-07,51.99985900800675
2877,3150,0.00013971353997266082,0.00012204392127249992,1.1404162994393298e-06,6.265455705767582e-07,52.01752490736544
2878,3151,0.00013954807504459294,0.00012192883388333532,1.1354083656246577e-06,6.265157505011047e-07,52.035111154429615
2879,3152,0.00013937292240318895,0.00012147547146833062,1.155706674879778e-06,6.340384186060555e-07,52.05267231166363
2880,3153,0.00013920760519796176,0.00012137303073584583,1.1698380454690882e-06,6.136194007425054e-07,52.070266866125166
2881,3154,0.0001391227684541185,0.000121223990764886,1.185332801142824e-06,6.045449677804248e-07,52.08784068841487
2882,3155,0.0001391031217897918,0.00012129568939007318,1.1916560913415957e-06,5.890871486302687e-07,52.10536900535226
2883,3156,0.00013905411147380228,0.00012142313489044437,1.186940028637812e-06,5.761576296979788e-07,52.12295963522047
2884,3157,0.00013903067401141136,0.00012138881676998877,1.184171752742674e-06,5.800139713995844e-07,52.140561238862574
2885,3158,0.00013900717823078703,0.00012135890461537542,1.1829686485714433e-06,5.818587129697179e-07,52.15808740071952
2886,3159,0.00013897026387572087,0.00012130464952216995,1.188650705993555e-06,5.77910729361537e-07,52.175675391219556
2887,3160,0.00013893157717898716,0.00012109422157259671,1.2045640035548e-06,5.79171557084246e-07,52.19322709925473
2888,3162,0.00013892214477161056,0.00012107863189900878,1.209250680448166e-06,5.751006068120125e-07,52.21692689135671
2889,3163,0.0001388931876377139,0.00012090866172221618,1.2185547313609018e-06,5.798978601888699e-07,52.2345200041309
2890,3164,0.00013887403489044935,0.00012080879317388184,1.2236812109160774e-06,5.828429607406725e-07,52.25208315066993
2891,3165,0.0001388466999860564,0.00012076789222960246,1.222528750925511e-06,5.85352024719884e-07,52.26963762473315
2892,3166,0.0001387990034026384,0.00012071066494021513,1.2295301042539267e-06,5.793037419884014e-07,52.28722930047661
2893,3167,0.00013874422948552702,0.00012065217335288627,1.2321226666972884e-06,5.770829465667874e-07,52.30470914579928
2894,3168,0.00013867105638847057,0.00012065542632366412,1.2353861137974643e-06,5.66176892683181e-07,52.32241533789784
2895,3169,0.00013859122009901107,0.00012067249693179096,1.2386772303727615e-06,5.531950863492476e-07,52.34006418660283
2896,3170,0.0001385662677291185,0.00012048822516935038,1.259884395700352e-06,5.47919860276462e-07,52.357738768681884
2897,3171,0.00013849174501282533,0.00012042748536037904,1.2508479068607914e-06,5.555780583838377e-07,52.37541444879025
2898,3172,0.0001384376931427304,0.00012025694594669303,1.252196270994534e-06,5.658784486092041e-07,52.39347082749009
2899,3173,0.00013838791836996432,0.00012003256468876196,1.2595230045130425e-06,5.760123636071953e-07,52.41157440003008
2900,3174,0.00013833382113297746,0.00011976595546727895,1.2677128710309516e-06,5.890736955388982e-07,52.42914647515863
2901,3175,0.0001382801667296602,0.00011963665923981078,1.2753285610160636e-06,5.89022187968879e-07,52.44666480086744
2902,3176,0.00013822933401151042,0.0001195710019910751,1.273671748734667e-06,5.921614533088643e-07,52.464561494998634
2903,3177,0.00013819188848562925,0.00011962672377502003,1.2687626563219203e-06,5.877538147390014e-07,52.48212264012545
2904,3178,0.0001381519464348361,0.00011971484249483785,1.2612449396909533e-06,5.824654543088704e-07,52.50001313351095
2905,3179,0.00013811311546546492,0.00011974047147555466,1.2504897657866579e-06,5.867746332043657e-07,52.517633085139096
2906,3180,0.00013807799139852923,0.00011977695326958138,1.2444570150069026e-06,5.856467978878832e-07,52.5352330012247
2907,3181,0.00013804216918327126,0.00011975538890179887,1.2403530107848152e-06,5.883250173624223e-07,52.55277397483587
2908,3182,0.00013800183466610306,0.00011969538753066225,1.2422119377939004e-06,5.884327757501791e-07,52.57030032388866
2909,3183,0.00013791010411269507,0.00011951694375626555,1.2540313498926144e-06,5.852846857503372e-07,52.58787320833653
2910,3184,0.00013775268578732658,0.00011917588666715906,1.2715962012448881e-06,5.860837107718645e-07,52.60540786385536
2911,3186,0.0001376853965028391,0.00011905274397472191,1.2806572946549203e-06,5.826079581567985e-07,52.62952172290534
2912,3187,0.00013746913577286494,0.00011861834038750783,1.2867392530381858e-06,5.983402854975237e-07,52.647082162089646
2913,3188,0.00013724128067083236,0.0001182639450273454,1.2858385783172223e-06,6.118949860314734e-07,52.66459336131811
2914,3189,0.00013718059676553828,0.00011816665747171075,1.2715478853402167e-06,6.298460440425381e-07,52.68277493864298
2915,3191,0.00013712031062115942,0.00011830514750948656,1.2567080095399885e-06,6.248083016272997e-07,52.70644116215408
2916,3192,0.00013707464168366188,0.00011826663910715554,1.2689638089714784e-06,6.118364486791572e-07,52.72410732507706
2917,3193,0.0001370071955918338,0.00011829162926760387,1.2680630113754306e-06,6.034936210475638e-07,52.741784687153995
2918,3194,0.00013687379413911214,0.00011842081651110707,1.2449653300398075e-06,6.003324327606995e-07,52.75929760187864
2919,3195,0.00013676525090134634,0.00011849895097969915,1.235621611381562e-06,5.91008380783156e-07,52.77695619314909
2920,3196,0.00013665669089293577,0.00011853404256825208,1.2185551857391544e-06,5.937096467292151e-07,52.794464447535574
2921,3197,0.00013654317040472292,0.00011849134336710984,1.2028718242466217e-06,6.023108795146872e-07,52.812021921388805
2922,3198,0.00013640179851234102,0.00011839562158447896,1.1855559531591303e-06,6.150617396270772e-07,52.829633481800556
2923,3199,0.00013613793584324192,0.0001179507603438753,1.1784053255410626e-06,6.403122243956002e-07,52.84718851186335
2924,3200,0.000135877364846071,0.0001175208827666232,1.1646474925095472e-06,6.710007154352317e-07,52.864740329794586
2925,3202,0.00013563547987991835,0.0001170548769904478,1.1702404343762507e-06,6.878198545708041e-07,52.888430633582175
2926,3204,0.00013547539432738623,0.00011674526403444585,1.1841343503122717e-06,6.888786789817678e-07,52.91206657234579
2927,3205,0.00013521334513888052,0.00011692895015967983,1.154935193820456e-06,6.735043040996137e-07,52.92965480219573
2928,3206,0.00013491013032084837,0.00011721934557474749,1.138418735314379e-06,6.306597392957078e-07,52.94721074961126
2929,3207,0.00013473997189612734,0.000117016704071886,1.166163280793418e-06,6.061635016307157e-07,52.96662941481918
2930,3208,0.000134417511631757,0.00011686611881159187,1.1698734929457705e-06,5.852657890707409e-07,52.98513197340071
2931,3209,0.00013410258181489548,0.00011628762654440567,1.1785981217605588e-06,6.028974052884238e-07,53.00263550784439
2932,3210,0.00013385115809139785,0.00011587989151728473,1.1724683125126998e-06,6.246583448986121e-07,53.02032926492393
2933,3211,0.00013329657197447614,0.00011569101179318698,1.1497433525127382e-06,6.108126656161787e-07,53.038703699596226
2934,3212,0.00013292663556279514,0.00011546987580057513,1.1464142709289252e-06,5.992617052930743e-07,53.05627454351634
2935,3213,0.00013245018950884513,0.0001149640559273352,1.1607006984457167e-06,5.879126597052763e-07,53.07383598573506
2936,3214,0.00013210467592619392,0.00011442784456121603,1.1777498264180835e-06,5.899333100797049e-07,53.09142834413797
2937,3215,0.00013174365000838902,0.00011366769290782614,1.212461881424713e-06,5.95133828631576e-07,53.10902460385114
2938,3216,0.00013131789701373742,0.00011360077702952473,1.1614772103115757e-06,6.10234788109694e-07,53.12662962265313
2939,3218,0.00013088207367455718,0.00011333834139012004,1.151309371589698e-06,6.030638568540154e-07,53.15028201043606
2940,3219,0.00013028753979486113,0.0001123984222835391,1.1734359146327149e-06,6.154758364994886e-07,53.167834773659706
2941,3220,0.0001298596225690489,0.00011122429242281824,1.2403126749806264e-06,6.232203396424406e-07,53.18535509053618
2942,3221,0.00012947099475369719,0.00011053748830449398,1.2480009312920606e-06,6.453497136282602e-07,53.20292644016445
2943,3222,0.00012921066460602702,0.00010997307550448478,1.2720923786347944e-06,6.516665315194295e-07,53.220553929917514
2944,3223,0.00012889243685306766,0.00010955765990676268,1.2792053680417303e-06,6.542723265887683e-07,53.23811588156968
2945,3224,0.00012873511417184986,0.00010932835922058474,1.2702075378246574e-06,6.704679573018556e-07,53.25563148688525
2946,3226,0.0001284858467315682,0.0001090491379752506,1.239904704731603e-06,7.037661709001575e-07,53.28054114431143
2947,3227,0.00012838677757599795,0.00010906939244972583,1.200659556824593e-06,7.310789558026185e-07,53.29844246059656
2948,3228,0.00012826216417214116,0.00010927561911332917,1.1771592832495365e-06,7.214952226316634e-07,53.315963068045676
2949,3229,0.0001281717406672682,0.0001090159209370715,1.1913672865115322e-06,7.242146865081373e-07,53.3335678037256
2950,3230,0.0001280517764157741,0.00010863240744748446,1.2044524168137581e-06,7.374844800152081e-07,53.3511198265478
2951,3231,0.00012785066267196663,0.00010829012411049798,1.1961783213321283e-06,7.598755348147355e-07,53.36870218347758
2952,3233,0.00012777484314340537,0.00010817187212082157,1.2018606600852116e-06,7.584364421731677e-07,53.39236395340413
2953,3234,0.00012755952446538322,0.0001079673429383343,1.1892626403639393e-06,7.699555123409525e-07,53.409905372187495
2954,3235,0.00012733903265789103,0.00010836348322523164,1.137527078859805e-06,7.600278644061342e-07,53.42749682441354
2955,3236,0.00012714926858868985,0.00010844873863951038,1.1238840286499424e-06,7.461689662680037e-07,53.44505593087524
2956,3237,0.0001269998501684815,0.00010869720337725841,1.0873760759072717e-06,7.428886032150377e-07,53.462580987252295
2957,3238,0.0001269630287781808,0.00010897199459578726,1.049378032949569e-06,7.497253852897836e-07,53.4802214903757
2958,3239,0.00012685674841886926,0.00010891044746033503,1.042557119540994e-06,7.520729763124291e-07,53.49775303713977
2959,3240,0.00012681746480758317,0.0001090035143353903,1.02542941444387e-06,7.559656327754175e-07,53.51526250690222
2960,3241,0.00012674321431153736,0.00010901947859949293,1.0202738551967773e-06,7.520997160076656e-07,53.53318837471306
2961,3242,0.00012667672401657032,0.00010916150224538391,1.0098800517672185e-06,7.416421253514232e-07,53.551127042621374
2962,3243,0.0001266231648077463,0.00010926215326487812,9.992877925786456e-07,7.368133617081708e-07,53.5686692846939
2963,3244,0.00012655584765706142,0.00010934871269833536,9.86899564163019e-07,7.338139317095863e-07,53.58621081151068
2964,3245,0.00012648578306091672,0.00010936555879895074,9.816189699474838e-07,7.304034562491163e-07,53.60376665648073
2965,3247,0.00012645428466010925,0.00010946806984616871,9.720935347638124e-07,7.265279466302415e-07,53.627595361322165
2966,3248,0.00012637597951516792,0.00010938757194162376,9.698210676577337e-07,7.290196896966825e-07,53.645083158276975
2967,3249,0.0001262906712976959,0.00010924329618683931,9.755173599031997e-07,7.292201511824609e-07,53.662690482102334
2968,3251,0.00012625008162194483,0.00010931178334125271,9.746838136625759e-07,7.19146014406635e-07,53.686312324367464
2969,3252,0.00012619299277636154,0.00010928016408012711,9.777078933587984e-07,7.13574976264645e-07,53.703878823667765
2970,3253,0.000126163372722182,0.00010925190835043084,9.768001127785305e-07,7.143463243965828e-07,53.72154183033854
2971,3254,0.0001261430617993407,0.00010929989184145598,9.739409964436693e-07,7.103759993448028e-07,53.73917283117771
2972,3255,0.00012611555047290868,0.00010925385986985204,9.784839534178326e-07,7.07685106887832e-07,53.756755272857845
2973,3256,0.00012607609032929887,0.00010911105206855546,9.8692962543973e-07,7.095742006346123e-07,53.77435697149485
2974,3257,0.00012603526106066412,0.00010892072290261168,1.0013981135404435e-06,7.100557022648013e-07,53.7918985504657
2975,3258,0.00012600123159887857,0.00010866011227350716,1.0177562794939313e-06,7.16355653043209e-07,53.80937354825437
2976,3260,0.00012598478489345987,0.00010857761409186814,1.0253038312373926e-06,7.154132489217821e-07,53.83327216375619
2977,3261,0.00012596397480658814,0.00010849144080043503,1.0277615617298804e-06,7.194918388854297e-07,53.8508008075878
2978,3262,0.00012594203619489952,0.0001083493467865838,1.0316011006183505e-06,7.276678402132198e-07,53.868339898996055
2979,3263,0.0001259245623710892,0.00010831805349286413,1.0291749528510674e-06,7.314759349714396e-07,53.88589215092361
2980,3264,0.00012590075018012974,0.0001082956253014413,1.0224661538542178e-06,7.380463340146271e-07,53.903411438688636
2981,3265,0.00012587158739753266,0.00010831353072733925,1.0139666107129361e-06,7.41839056306405e-07,53.9210654348135
2982,3266,0.00012584798134911965,0.00010833692307566782,1.0084352341014683e-06,7.426705932437153e-07,53.93870522361249
2983,3267,0.00012583097700240374,0.00010835517120526084,1.0059112274916183e-06,7.416693522226713e-07,53.95661927573383
2984,3268,0.00012581552781250764,0.00010832200980295007,1.0037683662882447e-06,7.455834346675124e-07,53.97417579125613
2985,3269,0.00012580073777811803,0.0001083348633960825,1.002024216872378e-06,7.445632213311746e-07,53.9917020611465
2986,3270,0.00012578593333905156,0.00010836366263230755,9.850443975876987e-07,7.571826730867015e-07,54.009334148839116
2987,3271,0.0001257644249148846,0.00010837499290648409,9.889554911718757e-07,7.49987709668176e-07,54.02698112279177
2988,3272,0.0001257509600370863,0.00010838917098676672,9.882225565205274e-07,7.479563485114318e-07,54.04449166636914
2989,3273,0.00012573878238792408,0.00010838871317728782,9.838032095195532e-07,7.512037115440729e-07,54.062050121836364
2990,3274,0.000125729949426926,0.00010838299061936447,9.820765802607138e-07,7.526193004954411e-07,54.07972327340394
2991,3275,0.00012571645474323284,0.00010837361314270463,9.79623486436654e-07,7.546606736161683e-07,54.09722259826958
2992,3276,0.0001256934195374528,0.00010834985442134963,9.78859255011612e-07,7.554972565987045e-07,54.11477620061487
2993,3277,0.0001256406914425624,0.00010828422617131663,9.852165089269154e-07,7.504300181976616e-07,54.1323788901791
2994,3278,0.0001255745982212571,0.00010814241359683504,9.919435617034153e-07,7.512749007387915e-07,54.14999187923968
2995,3279,0.00012547861435362298,0.00010807837336271392,1.0037035935660669e-06,7.363205055248373e-07,54.16747975628823
2996,3280,0.00012529892204194234,0.00010785286765434485,1.0326966537519242e-06,7.11908785007826e-07,54.18509716819972
2997,3281,0.0001251630634404349,0.00010776973782058834,1.0336593112897255e-06,7.056732506949293e-07,54.202610411681235
2998,3282,0.00012510836079680194,0.00010783731611669434,1.0344463542221064e-06,6.926581137886528e-07,54.22021958604455
2999,3283,0.00012493759413710452,0.00010781553402681483,1.002821380919858e-06,7.0938463010911e-07,54.23781391605735
3000,3284,0.00012482206190215259,0.00010784899851221103,9.808595901271745e-07,7.16446748866981e-07,54.25531559344381
3001,3286,0.00012453505982617,0.00010789249306802497,9.408531932610946e-07,7.234034825534084e-07,54.2777448464185
3002,3287,0.00012431524717862642,0.00010769511047057602,9.275382457737765e-07,7.344754250312642e-07,54.295107365585864
3003,3288,0.00012403857500581868,0.00010730942217785863,9.43581497677126e-07,7.293337851188792e-07,54.31176614575088
3004,3289,0.00012384631548487636,0.00010706798676226747,9.391107792055583e-07,7.387220930553306e-07,54.32859523501247
3005,3290,0.00012355460744668486,0.00010653344374419122,9.897339687558679e-07,7.123824014934967e-07,54.345481171272695
3006,3291,0.00012337890284974193,0.00010664557121970716,9.592661641850593e-07,7.140669988184168e-07,54.36237432714552
3007,3292,0.00012330280152733432,0.00010667636275883058,9.068104780141404e-07,7.558333988362341e-07,54.3799640275538
3008,3293,0.0001231878117883335,0.00010661441866522321,9.14865051620264e-07,7.424742606907637e-07,54.39674990531057
3009,3294,0.00012308739417675712,0.00010653847609986987,9.186550842209912e-07,7.362367234677354e-07,54.413725906051695
3010,3295,0.00012286995902173966,0.00010633168276576489,9.153138434176968e-07,7.385137821797815e-07,54.43078233022243
3011,3296,0.00012260767393916356,0.00010623968800757882,8.982158585333387e-07,7.385827346251356e-07,54.44816418364644
3012,3297,0.0001222188821191244,0.00010611447384353604,8.74149710082599e-07,7.362911174762368e-07,54.46604320872575
3013,3298,0.00012174095213545302,0.00010604412575182394,8.562252141671914e-07,7.134574241957175e-07,54.48393806349486
3014,3300,0.00012145181053682777,0.00010625032819365187,8.188548596796967e-07,7.012933746378928e-07,54.50677288509905
3015,3301,0.00012112713254080947,0.00010624869241155392,8.187929259575153e-07,6.690510869680403e-07,54.524015199393034
3016,3303,0.00012095418857131719,0.00010607838176886545,8.235898106659729e-07,6.639908695792025e-07,54.547026459127665
3017,3304,0.00012068745529851522,0.00010615784552374516,7.974619033867287e-07,6.554990740902774e-07,54.56423672102392
3018,3305,0.00012060527560431034,0.00010663657964654467,7.752683491858632e-07,6.21601246590704e-07,54.58157534059137
3019,3306,0.00012037563001699097,0.00010615909874051456,7.845025390094834e-07,6.371505886381577e-07,54.59939557034522
3020,3307,0.00012025159311585761,0.00010601431485652245,7.842767273057263e-07,6.394510986277897e-07,54.616630961187184
3021,3308,0.00012009570739360273,0.0001060637717989127,7.640776887818534e-07,6.391158706871496e-07,54.63406085502356
3022,3309,0.00011991522086034345,0.00010599764593716481,7.658450316427491e-07,6.259124606751155e-07,54.65149671025574
3023,3310,0.00011977054716649965,0.00010599502107759989,7.511070872517833e-07,6.264455216381936e-07,54.668896183371544
3024,3311,0.00011957319878761304,0.00010581656540142402,7.492373048880361e-07,6.264260337308658e-07,54.686299967579544
3025,3312,0.00011938042826314061,0.00010560538188909099,7.599400945597773e-07,6.175645428451844e-07,54.70375256706029
3026,3313,0.00011926593329051576,0.00010541610143785009,7.619946871879142e-07,6.229884980786525e-07,54.72122143488377
3027,3314,0.00011910731429638918,0.00010519731341753738,7.767030751504135e-07,6.142970127347662e-07,54.73875714279711
3028,3315,0.00011896559678193478,0.00010497354853095608,7.745132555452916e-07,6.246915695525782e-07,54.75626007001847
3029,3316,0.00011880212172294926,0.00010473690495676524,7.801697705847357e-07,6.263519060336656e-07,54.77378833014518
3030,3317,0.00011861713654516547,0.00010451722100216506,7.964208135665121e-07,6.135707407335284e-07,54.79133699648082
3031,3318,0.00011848114798333802,0.00010415497646919505,8.15564659170402e-07,6.170524922438955e-07,54.808905908837914
3032,3319,0.00011835341045416258,0.00010377757070876632,8.341192459558765e-07,6.2346472858375e-07,54.82651537936181
3033,3320,0.00011828492876987939,0.00010361098582929869,8.378491281434887e-07,6.295451659145796e-07,54.8441735683009
3034,3321,0.00011823443601714362,0.00010357446731433637,8.300861104558796e-07,6.359107598248469e-07,54.8616988658905
3035,3322,0.00011819232376273844,0.00010358803496726857,8.26033711945774e-07,6.343951676012146e-07,54.879213048145175
3036,3323,0.00011811001625154744,0.0001035410644546608,8.251730605565948e-07,6.317221191320685e-07,54.89672166015953
3037,3324,0.00011799103502451951,0.00010352451510553712,8.197773778291978e-07,6.268746140690422e-07,54.91424522176385
3038,3325,0.00011787473625629928,0.0001032977808966169,8.382755471759746e-07,6.19419988792263e-07,54.93183234427124
3039,3326,0.00011780201054786244,0.0001032471930747231,8.313714918417245e-07,6.241102554722083e-07,54.95040738675743
3040,3327,0.00011775201928210424,0.00010304533855459671,8.381544809325256e-07,6.325135918182271e-07,54.96785965003073
3041,3328,0.00011770240304806939,0.00010286811851113436,8.465477739375989e-07,6.368806797559042e-07,54.98632715921849
3042,3329,0.00011764642930891374,0.00010275843612359428,8.457038282142949e-07,6.43095490317651e-07,55.004630452021956
3043,3330,0.00011755771310866778,0.00010241998352628931,8.532858974971903e-07,6.604870607406571e-07,55.02236576192081
3044,3331,0.00011750056643063881,0.0001022408962607125,8.576826878189598e-07,6.682843291736727e-07,55.04058150574565
3045,3332,0.00011740618414366372,0.00010202997399638448,8.657164490942295e-07,6.719045656336946e-07,55.05858244840056
3046,3333,0.00011732201820813938,0.000102050223261273,8.627690690950605e-07,6.64410425591578e-07,55.076741746626794
3047,3334,0.0001172509163659898,0.00010218489738907953,8.544055173751212e-07,6.521963803159061e-07,55.09490559436381
3048,3335,0.00011717993189889185,0.00010229585066042134,8.434265875433171e-07,6.449815363037333e-07,55.11286690738052
3049,3336,0.00011712785685367316,0.00010243433518449553,8.39739098508998e-07,6.296130684087659e-07,55.13023435976356
3050,3337,0.00011708263514595478,0.00010230225079144922,8.444055876657248e-07,6.33632847784831e-07,55.14775920845568
3051,3338,0.00011703644262602772,0.00010216080807711447,8.490481000402763e-07,6.385153548510481e-07,55.16569867078215
3052,3339,0.00011697858655187867,0.00010187717680316656,8.702998199977793e-07,6.398411548734315e-07,55.183265985921025
3053,3340,0.00011694561472010635,0.00010185522916795294,8.726260437501492e-07,6.364125114651915e-07,55.20074073411524
3054,3341,0.00011691483002483962,0.00010195398423393242,8.682429265765391e-07,6.27841652514181e-07,55.21821421571076
3055,3342,0.00011689197440259487,0.00010194355969724819,8.681027113194239e-07,6.267387592152442e-07,55.23577754292637
3056,3343,0.00011685192928260688,0.00010188404798866015,8.701267051770048e-07,6.266614242176671e-07,55.253236399032176
3057,3344,0.00011683164803136696,0.00010195640469136299,8.625913652194531e-07,6.249329687809436e-07,55.27075687143952
3058,3346,0.00011681163155076435,0.00010175287594272836,8.691028875915671e-07,6.367726732120326e-07,55.294283541850746
3059,3348,0.00011679673641711644,0.00010181154066851448,8.66245514605202e-07,6.322740602549939e-07,55.31791098322719
3060,3349,0.00011676170965600496,0.0001017380498498127,8.647807358040795e-07,6.375852448151456e-07,55.33543763123453
3061,3350,0.0001167164444580076,0.00010157362509130864,8.711995124695266e-07,6.430824242003692e-07,55.35342639964074
3062,3351,0.0001166881397720606,0.00010153953635041875,8.768432017117262e-07,6.380171404524578e-07,55.370838176459074
3063,3352,0.00011665937795162388,0.00010153982688532054,8.799014858444432e-07,6.320536207858902e-07,55.38843097910285
3064,3353,0.00011662838262572084,0.0001016118029430242,8.79243496278107e-07,6.224144719915566e-07,55.4059304445982
3065,3354,0.00011655722423843765,0.00010172286750890273,8.731194418371846e-07,6.103162311163082e-07,55.42475190013647
3066,3355,0.00011646902311007206,0.00010207206278909857,8.532257571995624e-07,5.86470274897786e-07,55.442824431695044
3067,3356,0.00011638709115945132,0.00010219908565912242,8.337260178150177e-07,5.850745322178723e-07,55.46017882414162
3068,3357,0.00011632662947785543,0.00010238646825337244,8.188703678937238e-07,5.751457545545758e-07,55.477766004391015
3069,3359,0.00011630583868779802,0.00010241646959784091,8.108505247919878e-07,5.780863842037237e-07,55.50133549422026
3070,3360,0.00011627755293436526,0.00010241973224581805,8.11729220761951e-07,5.740528480927683e-07,55.518820056691766
3071,3361,0.00011623004079263026,0.00010228981205768674,8.287237300625428e-07,5.652991434318106e-07,55.536339895799756
3072,3362,0.00011620721436118151,0.00010234945965495271,8.310055946426014e-07,5.547698759802787e-07,55.55481418315321
3073,3363,0.00011618334542700996,0.00010237672511314662,8.345404494988409e-07,5.461215818874932e-07,55.57229400891811
3074,3364,0.00011616613699094029,0.00010242305974819206,8.373111498910474e-07,5.369965743837756e-07,55.58984959963709
3075,3365,0.00011615041354307362,0.00010242477863761754,8.343290960440795e-07,5.382343945015288e-07,55.6078563965857
3076,3366,0.00011613479979248819,0.000102395662801532,8.331687625748815e-07,5.407449365207366e-07,55.62541781459004
3077,3367,0.00011612109488135522,0.00010231424730025233,8.365012754918336e-07,5.441834826184552e-07,55.64298212900758
3078,3368,0.00011611095052348536,0.00010231778186453506,8.397690821323339e-07,5.395477837626952e-07,55.660460744053125
3079,3369,0.0001161002735588661,0.00010229494592250636,8.46239544121498e-07,5.342932195144757e-07,55.67803048621863
3080,3370,0.00011609020969875815,0.00010229409235567115,8.498908187790237e-07,5.29720915529676e-07,55.695553910918534
3081,3371,0.00011607891960774088,0.00010230836142037351,8.506914089635803e-07,5.263644097731569e-07,55.71315991040319
3082,3372,0.00011606888083720003,0.00010232925481822536,8.477295998243111e-07,5.262330020731565e-07,55.73061509337276
3083,3373,0.00011605981510319491,0.0001023503126258822,8.446676964525746e-07,5.26282551278697e-07,55.74817967321724
3084,3374,0.00011605183883662492,0.00010237091908641297,8.413633567707856e-07,5.267286182504093e-07,55.765680885873735
3085,3375,0.00011603760895145919,0.00010240105962536877,8.391577419354377e-07,5.244971906736051e-07,55.783213729038835
3086,3376,0.00011600363634611375,0.00010241427034036404,8.392174604756112e-07,5.1971914009936e-07,55.800775272771716
3087,3377,0.0001159683953679136,0.0001025046891366008,8.365802873300902e-07,5.097903358011894e-07,55.818653147667646
3088,3378,0.00011592465540600804,0.00010242761756225058,8.43240633146444e-07,5.06463151229303e-07,55.83623483683914
3089,3379,0.00011588418352877961,0.00010234434171202836,8.475696934865941e-07,5.064144881885303e-07,55.853782618418336
3090,3380,0.00011585119582196559,0.00010232453860079315,8.521111485192222e-07,5.005545735980217e-07,55.87130557373166
3091,3381,0.0001158211501374921,0.00010230762910235019,8.490661106584307e-07,5.022859928557595e-07,55.888977060094476
3092,3382,0.00011573533725793954,0.00010230624796331497,8.334347316746762e-07,5.094741977877811e-07,55.906451982446015
3093,3383,0.00011563011618858706,0.00010231224108692318,8.193713178531063e-07,5.124161923132826e-07,55.92408923525363
3094,3384,0.00011540728447432013,0.00010236851506367603,7.925832131807285e-07,5.112937278836815e-07,55.94166130013764
3095,3385,0.00011512111943687224,0.0001022939567484242,7.573802754513455e-07,5.253359933934588e-07,55.959268364124
3096,3387,0.00011492869847982496,0.00010223780529854347,7.476679206976821e-07,5.214213974304679e-07,55.98287249356508
3097,3388,0.00011439407535126391,0.00010172427207304423,7.464039163043097e-07,5.205764115176581e-07,56.0003676880151
3098,3389,0.00011384706944923427,0.00010077332194166451,7.8993111558533e-07,5.174436351716467e-07,56.017954162321985
3099,3391,0.00011371874422692904,0.00010078089440162017,7.832399621616145e-07,5.105450203692726e-07,56.0416569057852
3100,3392,0.0001133767905971588,0.00010060066110872638,7.775869217834835e-07,5.000260270597594e-07,56.059183206409216
3101,3394,0.00011302404775421351,0.00010047892981559997,7.744621188685561e-07,4.80049674992798e-07,56.08278235141188
3102,3395,0.00011254386661548887,9.967385415315109e-05,8.06441534581851e-07,4.805597116519271e-07,56.10029117483646
3103,3396,0.00011236357309273774,9.891484952483288e-05,8.037709850491455e-07,5.411013717413397e-07,56.11780494172126
3104,3397,0.00011193651188692329,9.863624223818946e-05,7.845453922251645e-07,5.454815726482179e-07,56.13539294805378
3105,3399,0.00011171091189034978,9.844341180365717e-05,8.00364949879605e-07,5.263850587896565e-07,56.15903835184872
3106,3400,0.00011138583081443376,9.801397110040197e-05,7.874616187139707e-07,5.497243526892085e-07,56.176544113084674
3107,3401,0.0001113143431365293,9.773795736652136e-05,8.109439299465427e-07,5.466946470542499e-07,56.194064238108695
3108,3402,0.0001111163786444848,9.758598235840418e-05,7.612883068193387e-07,5.917513217887219e-07,56.21212388947606
3109,3403,0.00011086038660848046,9.78332862032321e-05,7.474639816894479e-07,5.552460588353875e-07,56.22968481853604
3110,3404,0.00011064894672084195,9.776224322458302e-05,7.4699148444848e-07,5.416788651774143e-07,56.24717078637332
3111,3405,0.00011043599831784203,9.759252195780217e-05,7.398434077443529e-07,5.44504228259633e-07,56.264660427346826
3112,3407,0.00011027717475031993,9.747989477492345e-05,7.206678590078143e-07,5.590601385318344e-07,56.28836560342461
3113,3408,0.00011005256957544907,9.777798593875681e-05,6.902866586623819e-07,5.371717050068452e-07,56.305897111073136
3114,3409,0.00010981480610150028,9.811552396719663e-05,6.812413117377394e-07,4.88686901692625e-07,56.323573272675276
3115,3411,0.00010966700729889065,9.780083869993634e-05,6.88284019537086e-07,4.983328403583445e-07,56.3474170519039
3116,3412,0.00010934670008379137,9.748778685987325e-05,6.893778624646746e-07,4.965134599271377e-07,56.36573455110192
3117,3413,0.00010885577359258082,9.703855473178839e-05,6.937265991621549e-07,4.879952869170894e-07,56.38334624283016
3118,3414,0.0001087132113832023,9.70349598923052e-05,6.850919129637039e-07,4.827332361260051e-07,56.40094158053398
3119,3415,0.00010854660756160326,9.683413215962144e-05,6.966165628376496e-07,4.746309773605332e-07,56.41862762346864
3120,3416,0.00010838531529440009,9.668370430764851e-05,7.040404019053794e-07,4.6612069676977786e-07,56.43620483670384
3121,3417,0.00010822869784749066,9.654554117217508e-05,7.024114439307109e-07,4.659042236008476e-07,56.453767232596874
3122,3418,0.0001079566030865607,9.614300287086173e-05,7.070187622497039e-07,4.743412593201935e-07,56.4712680131197
3123,3419,0.00010768063947772934,9.574588769880244e-05,7.258939465089787e-07,4.6758123138371e-07,56.48883094545454
3124,3420,0.00010742543869415617,9.508058123601235e-05,7.635081734268066e-07,4.709775723875743e-07,56.50694768130779
3125,3421,0.0001073118950108941,9.471491355186164e-05,7.854202661916623e-07,4.742778797115827e-07,56.524494376033545
3126,3422,0.000107223226087264,9.462474210103566e-05,7.843015377358716e-07,4.7554686088696196e-07,56.542905119247735
3127,3423,0.00010704818022690291,9.44146164357776e-05,7.620682570197505e-07,5.012881220927814e-07,56.56039950624108
3128,3424,0.0001068850938579976,9.433389881904432e-05,7.664622603238059e-07,4.886572435715229e-07,56.578384747728705
3129,3425,0.0001067278621617496,9.413648841652788e-05,7.72146789028874e-07,4.869905854932971e-07,56.596252331510186
3130,3426,0.00010656247149786714,9.39321286208294e-05,7.693540675192212e-07,4.936802201845541e-07,56.61378338281065
3131,3427,0.00010639516077534791,9.369114786913451e-05,7.498776835390381e-07,5.205236070823022e-07,56.63128035329282
3132,3428,0.00010627936580054585,9.360693549003763e-05,7.500736216847005e-07,5.171694093661223e-07,56.64927013311535
3133,3429,0.00010617441106726594,9.348480698361282e-05,7.713402957541276e-07,4.976201126111849e-07,56.66679125279188
3134,3430,0.00010613190153441211,9.319087269554259e-05,7.841227423350307e-07,5.099801415519219e-07,56.68438364099711
3135,3431,0.00010597123105319493,9.329478148049343e-05,7.729262877347895e-07,4.947186695353614e-07,56.70192719716579
3136,3432,0.00010591913942217654,9.32898891337934e-05,7.769937218828733e-07,4.859313069554401e-07,56.72030852455646
3137,3433,0.00010576547691052081,9.321830572654658e-05,7.811072757477693e-07,4.7360984264965466e-07,56.737942783162
3138,3434,0.00010566005303567483,9.30794361535755e-05,7.871603201956609e-07,4.709013680142708e-07,56.75553609337658
3139,3435,0.00010558393379289047,9.323380933720701e-05,7.832802149194216e-07,4.5173223064892467e-07,56.77315801382065
3140,3436,0.00010553589928341443,9.329542524058345e-05,7.792149612744078e-07,4.448324430086904e-07,56.79078439529985
3141,3437,0.00010549400665294872,9.330786573551829e-05,7.705012644916128e-07,4.481128272514296e-07,56.80834005121142
3142,3438,0.00010540637192527396,9.327207158890316e-05,7.584850613169478e-07,4.5494497232013214e-07,56.826000734232366
3143,3439,0.0001053167132610203,9.304616770130833e-05,7.62021690040883e-07,4.65032865930313e-07,56.84408050775528
3144,3440,0.00010522275107728427,9.247031976712204e-05,7.913997580880228e-07,4.838433729282003e-07,56.86147037986666
3145,3442,0.00010519540389916338,9.230264504683687e-05,7.979346168282843e-07,4.91341268404367e-07,56.88510159030557
3146,3443,0.00010512362050460256,9.196521723221386e-05,8.182265686823524e-07,4.976137585565191e-07,56.902746222913265
3147,3444,0.00010501836264817804,9.142758235649268e-05,8.46850107266711e-07,5.122279219018247e-07,56.92116633988917
3148,3445,0.00010494001993898161,9.123454053944881e-05,8.634347255700466e-07,5.071132143832331e-07,56.939106796868145
3149,3446,0.00010484793325817375,9.096140199785964e-05,8.682021457217643e-07,5.204509803096465e-07,56.956748835742474
3150,3447,0.00010476308219321171,9.083093304141748e-05,8.685745976839524e-07,5.246403174954703e-07,56.97428319044411
3151,3449,0.00010470083840895646,9.07531935282223e-05,8.663515057878076e-07,5.28412982285609e-07,56.99807755462825
3152,3450,0.00010462932799734679,9.061697544128798e-05,8.673331620937436e-07,5.339020935121376e-07,57.0156970564276
3153,3451,0.0001045441627066094,9.045620543975316e-05,8.666130691896987e-07,5.421826574959251e-07,57.03320927545428
3154,3452,0.00010447919511584567,9.012964739826079e-05,8.789403756424201e-07,5.56014396116068e-07,57.05077483411878
3155,3453,0.00010440735180592501,9.031777253859585e-05,8.7031870141895e-07,5.386392253139677e-07,57.068304187618196
3156,3454,0.0001043271913009124,9.035552238823353e-05,8.625364141708526e-07,5.346304770970338e-07,57.08590834308416
3157,3455,0.00010426561187704589,9.038695327982307e-05,8.545854891151004e-07,5.33280370607182e-07,57.10344930831343
3158,3456,0.00010420433008888824,9.034105079396984e-05,8.531444802327031e-07,5.331834492591364e-07,57.12106242682785
3159,3457,0.00010414678872837057,9.020794118847205e-05,8.505907753713467e-07,5.432939786185052e-07,57.13868284691125
3160,3458,0.00010409382645599531,9.00422830572158e-05,8.526747695772523e-07,5.524795703006991e-07,57.156267672777176
3161,3459,0.00010404110325919044,8.991923359150828e-05,8.5247632693503e-07,5.597106398331861e-07,57.17382395081222
3162,3460,0.00010397107562629292,9.003087801041722e-05,8.413305986846185e-07,5.526891629029511e-07,57.19141148403287
3163,3461,0.00010388947614126659,9.052182708648709e-05,8.093097477463168e-07,5.274551577316323e-07,57.20899746287614
3164,3462,0.00010383458759270027,9.060879657450992e-05,8.035785870452348e-07,5.190005147737994e-07,57.22663166373968
3165,3463,0.00010379716274412197,9.047523129078059e-05,8.1514265795435e-07,5.17050487379788e-07,57.244245663285255
3166,3464,0.00010374539500940449,9.032249039292997e-05,8.214136964713816e-07,5.208767651760702e-07,57.26277484744787
3167,3465,0.00010367786772578012,9.024691358449902e-05,8.304919023850162e-07,5.126035117430939e-07,57.28020918555558
3168,3466,0.00010362337988613516,9.019818999802149e-05,8.318268719435864e-07,5.106921168677808e-07,57.297745641320944
3169,3467,0.00010358162592551988,9.018337588056788e-05,8.35210353047812e-07,5.04614651447389e-07,57.31531888153404
3170,3468,0.00010355383349219493,9.020358035938977e-05,8.328761906715851e-07,5.02149122608931e-07,57.332923440262675
3171,3469,0.00010353622444334837,9.02428520060461e-05,8.310726505082207e-07,4.982645932220072e-07,57.350478775799274
3172,3470,0.00010352452315679307,9.028446594856884e-05,8.293426735829082e-07,4.946630472395142e-07,57.36804248485714
3173,3471,0.00010351340058567903,9.03126848808308e-05,8.272680177754548e-07,4.928035527093676e-07,57.385578736662865
3174,3472,0.00010349666491082326,9.036709256308648e-05,8.256273138788786e-07,4.87329920894799e-07,57.404084351845086
3175,3473,0.00010348333023142215,9.038416928544374e-05,8.241237141967496e-07,4.857923804010909e-07,57.42166618350893
3176,3474,0.00010346426808221666,9.044540193980236e-05,8.223601106399937e-07,4.795265036014378e-07,57.439230769872665
3177,3476,0.00010345649768335051,9.040897237991477e-05,8.255451894895866e-07,4.792073408539867e-07,57.46291476301849
3178,3478,0.00010344848622736381,9.039983179108828e-05,8.243040186629984e-07,4.805614249645547e-07,57.48678645864129
3179,3479,0.00010343335506344263,9.040917522458864e-05,8.247256752723989e-07,4.77692308613e-07,57.50435284804553
3180,3480,0.00010342012936456692,9.036653749754174e-05,8.276838764542012e-07,4.77675310248318e-07,57.52194382529706
3181,3481,0.00010340525358232433,9.037575816139265e-05,8.283936538388567e-07,4.7455588825431206e-07,57.539530063048005
3182,3482,0.00010338340540309881,9.040682688750235e-05,8.275049477004446e-07,4.701529038592025e-07,57.55716506857425
3183,3483,0.00010334966256284422,9.048098472955587e-05,8.219395288274762e-07,4.649282545013573e-07,57.57556462660432
3184,3484,0.00010332033298074773,9.057278513311353e-05,8.113334220244966e-07,4.6342136273892324e-07,57.594064329750836
3185,3485,0.00010330016969223173,9.057669437810472e-05,8.04666505005567e-07,4.6768102640713367e-07,57.61260234378278
3186,3486,0.00010328315131017485,9.055585356869686e-05,7.992500635564515e-07,4.7347971059134725e-07,57.63020574860275
3187,3487,0.00010326857873155462,9.049240070141782e-05,7.991696898673764e-07,4.784481131463041e-07,57.647879557684064
3188,3488,0.00010324516655269762,9.036821468841086e-05,8.006566564386307e-07,4.870385299900445e-07,57.66545994672924
3189,3489,0.00010322250810927409,9.0298681337385e-05,8.002937771898764e-07,4.920888999990334e-07,57.68365465011448
3190,3490,0.00010319243326420241,9.02630765436685e-05,8.004916907787915e-07,4.924439812746e-07,57.70109135936946
3191,3491,0.00010316875179623029,9.027717215061087e-05,7.9864750880311e-07,4.905104557588313e-07,57.71870762202889
3192,3492,0.00010314314372928725,9.038461185586108e-05,7.924634071942858e-07,4.833897801483301e-07,57.736220688559115
3193,3493,0.00010313845234583889,9.052425793745226e-05,7.92691936844751e-07,4.687275039939129e-07,57.753766395151615
3194,3494,0.00010310327384033979,9.044393072317944e-05,7.892322951562373e-07,4.767020165597984e-07,57.77132420986891
3195,3495,0.00010307798868533621,9.040895062832117e-05,7.8735279602007e-07,4.795510096814344e-07,57.78894940391183
3196,3496,0.00010304494706717017,9.035743985352122e-05,7.876836940718987e-07,4.810670272929957e-07,57.80650022812188
3197,3497,0.00010300915964990699,9.028753812637599e-05,7.900944087699977e-07,4.820677435831019e-07,57.825492734089494
3198,3498,0.0001029815363447634,9.028214985727908e-05,7.927511438263575e-07,4.771875049220746e-07,57.843242298811674
3199,3499,0.00010294686556232643,9.033032879534727e-05,7.874370844469113e-07,4.742165922510044e-07,57.86100283730775
3200,3500,0.00010289985234523875,9.032464736397334e-05,7.858135395867567e-07,4.7170695853978467e-07,57.878575899638236
3201,3501,0.00010286016306255613,9.031627298062559e-05,7.836212022138041e-07,4.707678059792498e-07,57.89615611452609
3202,3502,0.00010281253872344302,9.038645693666441e-05,7.766593487784669e-07,4.6594882989939446e-07,57.91366418916732
3203,3503,0.00010277275032402764,9.03194318808162e-05,7.760374850481524e-07,4.692943592729911e-07,57.931308719329536
3204,3504,0.0001027554647212656,9.02911890927019e-05,7.757142559376459e-07,4.707133069187246e-07,57.949027392081916
3205,3505,0.00010273783220095107,9.026124775162612e-05,7.762163919279675e-07,4.7144205300452657e-07,57.966643943451345
3206,3506,0.00010271004301554007,9.02106463016048e-05,7.796838635535224e-07,4.7025580784000624e-07,57.98421343136579
3207,3507,0.00010268847162170691,9.019390327846732e-05,7.799141561559228e-07,4.6954267816803697e-07,58.00182424020022
3208,3508,0.00010265892788346106,9.021922037611406e-05,7.821480772416097e-07,4.618226734930914e-07,58.01947106234729
3209,3509,0.00010263447672238591,9.019364515553053e-05,7.825456527712747e-07,4.615375039142641e-07,58.037005878053606
3210,3510,0.00010260930126543452,9.015531972063868e-05,7.834489519853554e-07,4.6194920249422736e-07,58.05458249989897
3211,3511,0.00010260170610907752,9.012975929043373e-05,7.838192399906361e-07,4.6337544187374216e-07,58.07209611963481
3212,3512,0.00010259334807160908,9.007222432400745e-05,7.875110088981694e-07,4.6460136586199313e-07,58.09054977633059
3213,3513,0.00010257957725457336,9.006040293450271e-05,7.892799570671936e-07,4.626374749398721e-07,58.10809206031263
3214,3514,0.0001025603802393796,9.003685323850981e-05,7.906085302083392e-07,4.6174416987863907e-07,58.12580206338316
3215,3516,0.00010254999444491388,9.006117744024086e-05,7.876239121585405e-07,4.6125778830876025e-07,58.14952479302883
3216,3517,0.0001025290601050695,9.005091939498272e-05,7.863428037907282e-07,4.6147126721794963e-07,58.16789926216006
3217,3518,0.00010250439056761711,9.005002268023397e-05,7.830462679421831e-07,4.6239052079613085e-07,58.185413559898734
3218,3519,0.00010248605742626084,9.006917709712281e-05,7.79063815798287e-07,4.626242171155162e-07,58.203007952310145
3219,3521,0.00010247781428574443,9.007895995742559e-05,7.819004759522715e-07,4.579849568796123e-07,58.22674990165979
3220,3522,0.00010246333320620735,9.012002378672279e-05,7.774685065766931e-07,4.568624353717624e-07,58.24495898466557
3221,3523,0.00010244946491814621,9.017007995626914e-05,7.734763665083332e-07,4.5446212967937273e-07,58.26256432477385
3222,3524,0.0001024357580827338,9.018454304358784e-05,7.72670327250123e-07,4.5245117666447314e-07,58.28008709475398
3223,3526,0.00010242474998135335,9.017590309816921e-05,7.709854387412149e-07,4.5389924957719814e-07,58.303710797801614
3224,3527,0.00010239751946816556,9.026326058890671e-05,7.681287640490516e-07,4.452971238768343e-07,58.32126718573272
3225,3528,0.00010237288322711494,9.020401137234761e-05,7.700695592180294e-07,4.468176262587046e-07,58.33882207237184
3226,3529,0.00010234037106517976,9.016848105087686e-05,7.66748275051536e-07,4.504407263787531e-07,58.35636789817363
3227,3530,0.00010231431951826876,9.01065993541658e-05,7.759142941264777e-07,4.4485772228381784e-07,58.37404674850404
3228,3531,0.00010226371291521,9.01115867298584e-05,7.672565921550582e-07,4.4795602638010226e-07,58.39161210041493
3229,3532,0.00010213381464294725,9.01708649554618e-05,7.50147719487193e-07,4.461472492613533e-07,58.40969517361373
3230,3534,0.00010207025334660767,9.025059728802561e-05,7.371870377834118e-07,4.447785680747944e-07,58.43342560343444
3231,3535,0.0001019629324981568,9.031608664352595e-05,7.322881563995289e-07,4.323964290635563e-07,58.450967660173774
3232,3536,0.00010187413998283463,9.023186929472068e-05,7.363410308201354e-07,4.2788603799125987e-07,58.46848846040666
3233,3537,0.00010180477650253694,9.018137942559753e-05,7.519360208735437e-07,4.104036868203985e-07,58.4860220188275
3234,3539,0.00010173476786814606,9.002751313742385e-05,7.618210439317591e-07,4.0890442914046156e-07,58.509733913466334
3235,3540,0.00010164075587963792,8.959036720357282e-05,7.775934685691605e-07,4.274453990373483e-07,58.52744624018669
3236,3541,0.00010153868399305447,8.948278938617182e-05,7.683920655360022e-07,4.3719739515226227e-07,58.54512806981802
3237,3542,0.0001014360489288607,8.953290235293454e-05,7.579171163292668e-07,4.323975412633499e-07,58.56265473179519
3238,3543,0.00010134442494130871,8.955635633420666e-05,7.572524373606222e-07,4.2155442334958364e-07,58.580176036804914
3239,3545,0.00010130922201708202,8.960426696180553e-05,7.506508864250771e-07,4.1984461910257125e-07,58.60386281926185
3240,3546,0.00010127856133900336,8.957198491218328e-05,7.557608770392914e-07,4.1489676564271654e-07,58.62143922317773
3241,3547,0.00010124756929890063,8.955184738603134e-05,7.572872336533972e-07,4.1228495763353217e-07,58.64004955999553
3242,3548,0.00010120281518647924,8.946013842722686e-05,7.581970671371912e-07,4.1607060878804724e-07,58.657498688437045
3243,3549,0.00010118695528402223,8.943416749298774e-05,7.563087876449867e-07,4.189699914584639e-07,58.67503263056278
3244,3550,0.00010116385722364101,8.94664621163722e-05,7.550118068020703e-07,4.147277039248112e-07,58.69259771425277
3245,3551,0.0001011449097578486,8.941924805977501e-05,7.590455685166332e-07,4.1352060129072534e-07,58.71016321144998
3246,3552,0.00010111727839336205,8.937922059963013e-05,7.6089291315354e-07,4.1291286621965203e-07,58.727804156020284
3247,3554,0.00010108917474135544,8.921897429432222e-05,7.610217807190281e-07,4.259982639842936e-07,58.752397518604994
3248,3555,0.00010103192932898138,8.908135946616015e-05,7.732916284498655e-07,4.2176535783225714e-07,58.769943717867136
3249,3556,0.00010097524036739354,8.913242891338207e-05,7.634317714750854e-07,4.2084937392606167e-07,58.78746755421162
3250,3557,0.00010089966709328309,8.928052441324189e-05,7.397598779159181e-07,4.22154390088202e-07,58.805131503380835
3251,3558,0.00010085740089881641,8.934791513846849e-05,7.287214669385906e-07,4.2222710909620154e-07,58.82277748640627
3252,3559,0.00010081806024239263,8.945196408959458e-05,7.154298382956555e-07,4.211797769841487e-07,58.84037676267326
3253,3560,0.00010077200992690281,8.946814105881147e-05,7.108491732332213e-07,4.195377135759123e-07,58.857902000658214
3254,3561,0.00010073206137157802,8.941490258759365e-05,7.10925128763462e-07,4.2079074963497503e-07,58.875376930460334
3255,3562,0.00010070932248881141,8.940635244226399e-05,7.056505037979292e-07,4.2464650085681304e-07,58.89294307958335
3256,3563,0.00010068008696633873,8.926086374796091e-05,7.13385173239167e-07,4.2853714859861394e-07,58.91086468938738
3257,3564,0.0001006437452428904,8.921407698934924e-05,7.107317984587035e-07,4.3223502689541184e-07,58.92852822318673
3258,3565,0.00010059882012928458,8.914759959923056e-05,7.10558997099034e-07,4.345630559063689e-07,58.94663932919502
3259,3566,0.00010053880169733512,8.908822227879423e-05,7.088508139915358e-07,4.36207127862553e-07,58.964218837209046
3260,3567,0.00010049791637392188,8.909828429748253e-05,6.990489972777092e-07,4.409142103662248e-07,58.981735775247216
3261,3568,0.00010037337824715594,8.902986142327911e-05,6.979456856822916e-07,4.3640599670539073e-07,58.99920962750912
3262,3569,0.00010026522154207923,8.897318459466512e-05,6.896603206937387e-07,4.3954337404767243e-07,59.016798733733594
3263,3570,0.0001001508155601416,8.891462230813045e-05,6.7996936888063e-07,4.4364995632048643e-07,59.0343470023945
3264,3571,0.00010008349287082508,8.892427527397418e-05,6.708670506933268e-07,4.450547089917645e-07,59.05195519886911
3265,3572,0.00010000728712302183,8.887487170507812e-05,6.726031579716138e-07,4.406383838227565e-07,59.07021011970937
3266,3573,9.99570873607749e-05,8.880392856794493e-05,6.743737551183929e-07,4.4094212416460307e-07,59.08775687403977
3267,3574,9.991805833047596e-05,8.880365151215084e-05,6.680078132480476e-07,4.4343286858446414e-07,59.105312016792595
3268,3575,9.989238859926686e-05,8.882024263457203e-05,6.625405007709188e-07,4.446740956985652e-07,59.12344524078071
3269,3576,9.987669459293104e-05,8.88459790471649e-05,6.571496124040341e-07,4.4592194217258033e-07,59.14100019540638
3270,3577,9.984143654025404e-05,8.871352926570333e-05,6.542311794275129e-07,4.585595480275591e-07,59.1594227347523
3271,3579,9.981249359499268e-05,8.877152561892471e-05,6.507874652181077e-07,4.533093323886885e-07,59.18331005424261
3272,3580,9.977882252467045e-05,8.868509374761508e-05,6.567007782054443e-07,4.5267209950009326e-07,59.200816496275365
3273,3581,9.972340019968292e-05,8.854081246811109e-05,6.587630345879776e-07,4.594957385692044e-07,59.218350760638714
3274,3583,9.970380811186977e-05,8.84746357548638e-05,6.668942242578521e-07,4.560230114427445e-07,59.242065684869885
3275,3585,9.9648018673459e-05,8.854716771730938e-05,6.631647212455762e-07,4.469203743693858e-07,59.265663866885006
3276,3586,9.957576655310948e-05,8.859490745334616e-05,6.56835473384866e-07,4.412504365914653e-07,59.283183368854225
3277,3587,9.946763581360683e-05,8.866888370209654e-05,6.528966042106337e-07,4.2697860694039514e-07,59.30071212537587
3278,3588,9.942007822795731e-05,8.861675423358045e-05,6.548203011867639e-07,4.2551209825092196e-07,59.31826433446258
3279,3589,9.931676433828999e-05,8.853382502591046e-05,6.6096645569322e-07,4.173274755447314e-07,59.33581496402621
3280,3590,9.914394802892848e-05,8.837039259161933e-05,6.622612937667573e-07,4.150942499641588e-07,59.35386599972844
3281,3591,9.905771963877324e-05,8.825754862457954e-05,6.600366292762905e-07,4.199804721430786e-07,59.37138001900166
3282,3592,9.899338330655866e-05,8.815900020757946e-05,6.609363480299219e-07,4.2250196186799786e-07,59.38891247380525
3283,3593,9.894129347863217e-05,8.81090959384794e-05,6.625306552476257e-07,4.2068909876765103e-07,59.406384888105094
3284,3594,9.888626901809909e-05,8.80055084974691e-05,6.696835515802201e-07,4.183925004827773e-07,59.423988279886544
3285,3595,9.884933802359219e-05,8.792555620805761e-05,6.769519729103366e-07,4.1542620864312085e-07,59.4415629953146
3286,3596,9.880946048445635e-05,8.783314841542356e-05,6.838201011134917e-07,4.1381110578978655e-07,59.45956825371832
3287,3597,9.878414969484493e-05,8.772510766389588e-05,6.869638044702872e-07,4.189403986246174e-07,59.477133681066334
3288,3598,9.875999756378152e-05,8.765957350519247e-05,6.905721868531944e-07,4.1947021900571105e-07,59.49466910492629
3289,3599,9.873310246878495e-05,8.758325161281223e-05,6.891483660175551e-07,4.2583671957971794e-07,59.51226649992168
3290,3600,9.869806065903157e-05,8.752864985967675e-05,6.893698720648027e-07,4.275712078706801e-07,59.52985528856516
3291,3601,9.864345264929834e-05,8.756513738725695e-05,6.908034967235876e-07,4.170280294805528e-07,59.547534918412566
3292,3603,9.86147822199246e-05,8.758837954927946e-05,6.861998074844895e-07,4.164404595800247e-07,59.572070103138685
3293,3604,9.856080150056068e-05,8.763629086710147e-05,6.812748025395506e-07,4.111762608063715e-07,59.58965417742729
3294,3605,9.846569823385313e-05,8.779444031602724e-05,6.734260954364583e-07,3.9369969634613037e-07,59.607226812280715
3295,3607,9.842934963737488e-05,8.790153724879447e-05,6.633121849932997e-07,3.894690538647426e-07,59.630983856506646
3296,3608,9.838830225297586e-05,8.804948800229993e-05,6.51189949958596e-07,3.8269147510899636e-07,59.648647914640605
3297,3609,9.836373294627279e-05,8.804515295304379e-05,6.494412514230736e-07,3.8241674789982577e-07,59.66620582528412
3298,3610,9.834578513641536e-05,8.803970973054837e-05,6.448581001058166e-07,3.857494404808827e-07,59.683775059878826
3299,3611,9.832554361312726e-05,8.803590430041684e-05,6.436374877347862e-07,3.853264435362558e-07,59.70131206326187
3300,3612,9.83135357663702e-05,8.807287293962347e-05,6.41165593929248e-07,3.8290068874542513e-07,59.71895974781364
3301,3613,9.830807329820679e-05,8.80812497407178e-05,6.4325121565618e-07,3.794311400927196e-07,59.73656112328172
3302,3614,9.830168457824989e-05,8.807942527788984e-05,6.453417121638339e-07,3.768842178721712e-07,59.75413326174021
3303,3615,9.829902304825211e-05,8.810066225912147e-05,6.445761709914355e-07,3.7525990792162856e-07,59.77166454587132
3304,3616,9.829500468008541e-05,8.80997382959134e-05,6.450648838713123e-07,3.74461754545889e-07,59.789226724766195
3305,3617,9.828771480085242e-05,8.807578100642076e-05,6.467520280112054e-07,3.744413514319606e-07,59.806806351058185
3306,3618,9.827734906880859e-05,8.801551585611247e-05,6.49164524955637e-07,3.7701879631397494e-07,59.824464718811214
3307,3619,9.826478719678648e-05,8.796179871510108e-05,6.517045597641667e-07,3.7859428840437384e-07,59.842105652205646
3308,3620,9.825028402236643e-05,8.779576583750052e-05,6.59260488696485e-07,3.861913297901056e-07,59.8596360348165
3309,3621,9.822919073604992e-05,8.779681296934562e-05,6.584734958578064e-07,3.8476428081262263e-07,59.87717076111585
3310,3622,9.820857289874441e-05,8.779933710647647e-05,6.597282028153324e-07,3.8119537641146267e-07,59.894764934666455
3311,3623,9.819052662431906e-05,8.781441620428094e-05,6.595513851107568e-07,3.780596568930548e-07,59.91233641747385
3312,3624,9.816822660353966e-05,8.783017871991925e-05,6.622124485324345e-07,3.71592339829606e-07,59.92994753923267
3313,3625,9.815194174537002e-05,8.783422938605442e-05,6.626157597448888e-07,3.6915547618667066e-07,59.94765580352396
3314,3626,9.813665244523666e-05,8.787425080824081e-05,6.631444165608596e-07,3.63095747138724e-07,59.965267394669354
3315,3627,9.812483380020336e-05,8.777994152276969e-05,6.68317281556631e-07,3.6617194618673717e-07,59.982823986560106
3316,3628,9.81166361760626e-05,8.777519116197834e-05,6.654915389976131e-07,3.6865296241081305e-07,60.00033964868635
3317,3629,9.811019182954989e-05,8.776199857534915e-05,6.675847914824578e-07,3.6723453393761737e-07,60.01799431350082
3318,3630,9.810587698814088e-05,8.772719230559477e-05,6.698577800333492e-07,3.6801068822126155e-07,60.036044356413186
3319,3631,9.809854172893509e-05,8.770292370183659e-05,6.727311238479925e-07,3.6683067886185765e-07,60.05360522121191
3320,3632,9.809083168111755e-05,8.766556668137794e-05,6.760114791621561e-07,3.665150208118046e-07,60.07118322327733
3321,3633,9.808021998975217e-05,8.764187103106506e-05,6.788135033756806e-07,3.650213924930305e-07,60.08874232787639
3322,3635,9.807621179667976e-05,8.760488381549184e-05,6.802605782565991e-07,3.66872219862193e-07,60.112450294196606
3323,3636,9.806546205847451e-05,8.758024477750614e-05,6.814196911016262e-07,3.6710203699521053e-07,60.13011558074504
3324,3637,9.805164431829039e-05,8.755949889252486e-05,6.800891171392491e-07,3.691254254373035e-07,60.14785074070096
3325,3638,9.803829917071744e-05,8.754074396338655e-05,6.771395013300655e-07,3.7261601940302455e-07,60.165548112243414
3326,3639,9.802348113162036e-05,8.752221423095593e-05,6.74529488665032e-07,3.7559720140141104e-07,60.18309783004224
3327,3640,9.800423848771282e-05,8.752235862533483e-05,6.697624950549495e-07,3.784254911828486e-07,60.20066252350807
3328,3641,9.798090493096718e-05,8.751873895803067e-05,6.66638804674575e-07,3.795777926190757e-07,60.2182117337361
3329,3642,9.793870029702745e-05,8.748692404265244e-05,6.629847992130613e-07,3.821928262244399e-07,60.235764536075294
3330,3643,9.790616734843822e-05,8.737418673069488e-05,6.606535506223647e-07,3.925445111519695e-07,60.25332804303616
3331,3644,9.782494632105265e-05,8.741460616738858e-05,6.589583792889265e-07,3.820756360774807e-07,60.27093433775008
3332,3645,9.776598636939496e-05,8.731711394374435e-05,6.614487677342998e-07,3.8343847483076157e-07,60.28854248672724
3333,3646,9.772053611468938e-05,8.721622720725305e-05,6.709614747852993e-07,3.794694159583325e-07,60.306225610896945
3334,3647,9.771090366665119e-05,8.720630345611336e-05,6.720583463921289e-07,3.784016746616535e-07,60.3238971773535
3335,3648,9.764140349068e-05,8.721426596399594e-05,6.636126171811974e-07,3.7910113548720847e-07,60.341573362238705
3336,3649,9.758330656019516e-05,8.725149831798445e-05,6.572604455115614e-07,3.7592037870951025e-07,60.35926900152117
3337,3650,9.74929762430588e-05,8.73162840199591e-05,6.471771196624442e-07,3.7049210264752676e-07,60.376973698846996
3338,3651,9.740778931304514e-05,8.747048710818429e-05,6.470227715751503e-07,3.467074489109355e-07,60.39466217160225
3339,3653,9.732851226399758e-05,8.742697635393317e-05,6.375025720276193e-07,3.5265101897882255e-07,60.41865997668356
3340,3654,9.723899698382305e-05,8.732623469282397e-05,6.400308125596778e-07,3.512454165402299e-07,60.43626537267119
3341,3655,9.708124749703281e-05,8.709172967002339e-05,6.46846767494872e-07,3.521050152060713e-07,60.45383280329406
3342,3656,9.70078126666661e-05,8.671491279941473e-05,6.686665081231532e-07,3.6062347860198407e-07,60.47135000862181
3343,3657,9.697277136652238e-05,8.632451101387178e-05,6.815700085540897e-07,3.832560267109698e-07,60.488932214677334
3344,3658,9.682822582216331e-05,8.645260026116901e-05,6.659443525401461e-07,3.7161820355928445e-07,60.506449217908084
3345,3659,9.674020110158353e-05,8.649350461879452e-05,6.661981801623206e-07,3.584714681165805e-07,60.52406114432961
3346,3660,9.664914737867432e-05,8.635270326009917e-05,6.72373195663222e-07,3.572712161942933e-07,60.54160926118493
3347,3661,9.65351917856546e-05,8.619680563961363e-05,6.654758494040667e-07,3.683627652000305e-07,60.55917413439602
3348,3662,9.638558899111557e-05,8.621271536183512e-05,6.660136928058523e-07,3.512736701221926e-07,60.576749744825065
3349,3663,9.633337582059107e-05,8.630458377888422e-05,6.588925352509056e-07,3.4398666891977935e-07,60.59443056769669
3350,3664,9.627522935333194e-05,8.628708481020361e-05,6.518383101080058e-07,3.4697614420482653e-07,60.61199471075088
3351,3665,9.625529181640317e-05,8.627721325944248e-05,6.438659782391951e-07,3.539418774568737e-07,60.629738732241094
3352,3666,9.613385520383075e-05,8.62280761328748e-05,6.392047959369499e-07,3.513731111586446e-07,60.647331381216645
3353,3667,9.606728655907146e-05,8.614643579706735e-05,6.405178036953891e-07,3.5156727250502203e-07,60.665792694315314
3354,3668,9.595770936743185e-05,8.590314285589357e-05,6.534337384231105e-07,3.5202291273071656e-07,60.68340330477804
3355,3669,9.580114081642335e-05,8.544367648864455e-05,6.611245480733844e-07,3.74621884704496e-07,60.70100283343345
3356,3670,9.570341377474866e-05,8.53586225755312e-05,6.593827120824896e-07,3.7509640783925666e-07,60.71856113988906
3357,3671,9.555829547227772e-05,8.524508699940264e-05,6.663558587478334e-07,3.649649885396746e-07,60.73688389547169
3358,3672,9.542124643679975e-05,8.505746076130611e-05,6.710810739300196e-07,3.6529749361934534e-07,60.75444403104484
3359,3673,9.511629013711422e-05,8.487748828300331e-05,6.662902042900364e-07,3.5758998112105514e-07,60.771972719579935
3360,3674,9.487407001606106e-05,8.485587820976001e-05,6.608653741419404e-07,3.4095380648816513e-07,60.789489592425525
3361,3676,9.475476964991599e-05,8.485740996605397e-05,6.448624239731968e-07,3.448735444130044e-07,60.81318051647395
3362,3677,9.439189476961783e-05,8.507363735693129e-05,6.038353580142216e-07,3.2799038325443263e-07,60.83078292477876
3363,3678,9.412294306460378e-05,8.519441191838026e-05,5.777665413551518e-07,3.150865732671999e-07,60.8484471431002
3364,3679,9.369661833002925e-05,8.507738979308514e-05,5.717343111207189e-07,2.901885425736921e-07,60.866051835007966
3365,3681,9.341412369093901e-05,8.490895877433352e-05,5.685263338269808e-07,2.81990157833569e-07,60.8896708516404
3366,3682,9.303594235067668e-05,8.453821247613675e-05,5.534041053484676e-07,2.9636888210552566e-07,60.90722728986293
3367,3683,9.248451272269621e-05,8.420537885373263e-05,5.322884478757033e-07,2.9562493902065513e-07,60.924807857722044
3368,3685,9.215528495420718e-05,8.402810253657141e-05,5.435698744512331e-07,2.6914836731234414e-07,60.94863199722022
3369,3687,9.18020266629236e-05,8.381592005924927e-05,5.522461922452522e-07,2.4636446812218095e-07,60.972359988838434
3370,3688,9.149367486293921e-05,8.310710700935482e-05,5.507014934906796e-07,2.879552918677599e-07,60.98988805990666
3371,3690,9.096930905723766e-05,8.300850177261505e-05,5.261598428937047e-07,2.699208855685558e-07,61.01402508933097
3372,3691,9.085033561342096e-05,8.25584437562876e-05,5.795479880485331e-07,2.4964119766480414e-07,61.03160953614861
3373,3693,9.041957320984357e-05,8.247274287291218e-05,5.820382488466492e-07,2.1264478484648925e-07,61.05541296582669
3374,3694,9.015789119584585e-05,8.237489949150379e-05,5.44205302192077e-07,2.340938682421303e-07,61.07390455529094
3375,3696,8.995380171851995e-05,8.231230038613321e-05,5.339098484969052e-07,2.302402847417689e-07,61.09758134838194
3376,3697,8.962890470252061e-05,8.21465298693146e-05,5.413761277375146e-07,2.0686135558308616e-07,61.11575535032898
3377,3698,8.92327979522163e-05,8.176143784353808e-05,5.469686398168783e-07,2.001673710509428e-07,61.13384325336665
3378,3700,8.876282436264962e-05,8.121226223103053e-05,5.546654672122549e-07,2.0039074594965487e-07,61.15753868315369
3379,3701,8.824628295474931e-05,8.108138503140416e-05,5.181167521858157e-07,1.983730401487002e-07,61.17508304677904
3380,3702,8.779693155946779e-05,8.060031035291189e-05,5.001771394733474e-07,2.1948498118224234e-07,61.19258025381714
3381,3704,8.756609489532694e-05,8.037938427422935e-05,5.135687398448305e-07,2.0510232226492889e-07,61.2162282532081
3382,3705,8.73108247672845e-05,8.014190814223287e-05,5.378561168582519e-07,1.790355456469107e-07,61.2343315621838
3383,3707,8.711116425626904e-05,7.998910733045967e-05,5.237856722014612e-07,1.8842002037947524e-07,61.25799775402993
3384,3708,8.686342689719611e-05,7.975114420452414e-05,5.002687254571054e-07,2.1095954381009097e-07,61.2755255298689
3385,3709,8.670798193031765e-05,7.930964877962419e-05,5.267056015659457e-07,2.131277135034007e-07,61.29313831962645
3386,3710,8.666944632556604e-05,7.932424157763683e-05,5.59862254671423e-07,1.7465822012149735e-07,61.31066546961665
3387,3711,8.618846438963976e-05,7.90310050935799e-05,5.13151682644478e-07,2.0259424696150846e-07,61.32827938627452
3388,3712,8.59437307300554e-05,7.85560796330032e-05,5.339288308921321e-07,2.0483627881308876e-07,61.34591850172728
3389,3713,8.578383553167552e-05,7.842945747258773e-05,5.213693078120682e-07,2.1406849809671103e-07,61.364385010674596
3390,3714,8.541088425030256e-05,7.84112397558658e-05,5.098005062449591e-07,1.9016394319871685e-07,61.38191585615277
3391,3715,8.512646303296468e-05,7.800605254847108e-05,5.125444316346102e-07,1.994966168147502e-07,61.3995207240805
3392,3716,8.472142269873268e-05,7.746510790710304e-05,5.127387511286199e-07,2.1289272803434384e-07,61.4171352526173
3393,3717,8.43788232307587e-05,7.689900903768023e-05,5.097392865615217e-07,2.382421327463266e-07,61.4347013682127
3394,3718,8.425051215100893e-05,7.666851249882259e-05,5.126980722294126e-07,2.4550189298922215e-07,61.45270871371031
3395,3719,8.394773507392197e-05,7.634537375922534e-05,5.182147901787254e-07,2.420213412909371e-07,61.4706672783941
3396,3720,8.373727975874722e-05,7.593101201683466e-05,5.152584439986662e-07,2.653683301925899e-07,61.48815603554249
3397,3721,8.346151871026286e-05,7.559533550706532e-05,5.299006581254463e-07,2.5671766219430727e-07,61.50584146846086
3398,3722,8.324607021292722e-05,7.509713634978235e-05,5.340453543775456e-07,2.808480319369421e-07,61.52380618453026
3399,3724,8.309477875259046e-05,7.473664813676467e-05,5.534019477377514e-07,2.824111138448274e-07,61.54755700286478
3400,3725,8.291543537744861e-05,7.473452651265732e-05,5.415359930906327e-07,2.7655489338849657e-07,61.56511919107288
3401,3726,8.262297646752236e-05,7.447411029065473e-05,5.449015749919675e-07,2.699850426947947e-07,61.58262495789677
3402,3727,8.245362965567998e-05,7.444620323088122e-05,5.277911506184557e-07,2.729514918614198e-07,61.60087377857417
3403,3728,8.225030348704724e-05,7.44192322319582e-05,5.273968658178313e-07,2.5571025969107236e-07,61.61829865258187
3404,3729,8.207838897676885e-05,7.42301556498696e-05,5.243367969053331e-07,2.604865357845912e-07,61.63586411252618
3405,3730,8.186526336482375e-05,7.41640607735024e-05,5.180383169442372e-07,2.5208194218789776e-07,61.653491996228695
3406,3731,8.166345265615096e-05,7.380088738989158e-05,5.327603054605697e-07,2.5349622116536893e-07,61.671029162593186
3407,3732,8.14720893666103e-05,7.341005346713693e-05,5.483852856527977e-07,2.5781830429453856e-07,61.688584194518626
3408,3733,8.138018711777734e-05,7.334069624772066e-05,5.526053023489095e-07,2.513437846567579e-07,61.706141046248376
3409,3734,8.130097534197893e-05,7.326521600777845e-05,5.505541243611362e-07,2.530218090589121e-07,61.72363907005638
3410,3735,8.116969515626161e-05,7.314708675225016e-05,5.550864626358694e-07,2.471743777652759e-07,61.74123074114323
3411,3736,8.102123832314458e-05,7.30681822095237e-05,5.53254372494475e-07,2.4205123886761375e-07,61.758802748285234
3412,3737,8.08820880161844e-05,7.297159963962675e-05,5.583441038784189e-07,2.32704733777347e-07,61.776372583583
3413,3738,8.076198593366638e-05,7.288282518040914e-05,5.651445260029281e-07,2.2277154932279672e-07,61.79393081739545
3414,3739,8.069189332054467e-05,7.27941143016827e-05,5.695996867848593e-07,2.2017821510133827e-07,61.812264488078654
3415,3740,8.060390770792749e-05,7.270287740421873e-05,5.726365661498687e-07,2.1746646422100618e-07,61.82995292637497
3416,3741,8.049463511297803e-05,7.26906414370548e-05,5.62896771991632e-07,2.175025956006915e-07,61.84757045470178
3417,3742,8.040525214446107e-05,7.266625865941642e-05,5.528927990933029e-07,2.2100654941116265e-07,61.865089257247746
3418,3744,8.031028652761055e-05,7.271641903841233e-05,5.370028327744826e-07,2.2238391614534048e-07,61.888672708533704
3419,3746,8.02316524260974e-05,7.258524474613896e-05,5.43266165921296e-07,2.2137460207454758e-07,61.912334214895964
3420,3747,8.013121962238069e-05,7.254988282466419e-05,5.311039765843335e-07,2.270297031873166e-07,61.930032167583704
3421,3748,8.002422987375399e-05,7.246790253224413e-05,5.239143894214274e-07,2.3171834472955839e-07,61.94772456213832
3422,3749,7.995330336941135e-05,7.234671709067154e-05,5.252279116567605e-07,2.3543071621722042e-07,61.96540108136833
3423,3750,7.988377345204324e-05,7.222885573349894e-05,5.266875046192963e-07,2.3880426723513297e-07,61.98296404257417
3424,3751,7.982346835223437e-05,7.214457080172336e-05,5.245639695739896e-07,2.4332578547711117e-07,62.00097464956343
3425,3752,7.975283262936645e-05,7.208735882763079e-05,5.204963912476775e-07,2.460509889258886e-07,62.018579473719
3426,3753,7.967118933605079e-05,7.203163104134746e-05,5.154055747105334e-07,2.485502547597989e-07,62.03609219100326
3427,3754,7.957075239462067e-05,7.201002285075453e-05,5.115536391349326e-07,2.4451931525168157e-07,62.05517229065299
3428,3755,7.949140102412279e-05,7.187989283891865e-05,5.1365674609977e-07,2.47494072420645e-07,62.07326743658632
3429,3756,7.943078504289787e-05,7.180878459275151e-05,5.17806357942903e-07,2.4439368707173216e-07,62.090705217793584
3430,3757,7.93580922236101e-05,7.170502913465768e-05,5.214325975825998e-07,2.438737113126432e-07,62.10825327504426
3431,3758,7.923299032139725e-05,7.151777688474202e-05,5.202861942556374e-07,2.5123514940988554e-07,62.125813459046185
3432,3759,7.909963531425125e-05,7.13257327827649e-05,5.201985077760111e-07,2.5719174537262395e-07,62.1444757822901
3433,3760,7.899780584734553e-05,7.125720553853208e-05,5.061980344562398e-07,2.678619964251058e-07,62.162045711651444
3434,3761,7.890243056453265e-05,7.122504135164656e-05,5.03277597480428e-07,2.6446132380818014e-07,62.17959732376039
3435,3762,7.882705079950724e-05,7.124183070403467e-05,5.01516198415131e-07,2.570058111321274e-07,62.19719730503857
3436,3763,7.876402706264948e-05,7.135050359337342e-05,4.97012399212193e-07,2.4433994771541244e-07,62.214792913757265
3437,3764,7.868163947619795e-05,7.128188780030751e-05,4.985052501945265e-07,2.41469917394517e-07,62.2328095017001
3438,3765,7.858300154718972e-05,7.116376219032608e-05,5.055451696839537e-07,2.363787660024091e-07,62.250426307320595
3439,3766,7.8534971756076e-05,7.110899608428017e-05,5.044678342655529e-07,2.3812973291402977e-07,62.268012813292444
3440,3767,7.848230489151642e-05,7.104548963304592e-05,5.066502857381167e-07,2.3703124010893405e-07,62.285580546595156
3441,3768,7.84278374015277e-05,7.09671790656133e-05,5.039745289851294e-07,2.4209130460631114e-07,62.3036625655368
3442,3769,7.836447438153523e-05,7.086609413813093e-05,5.045549817621761e-07,2.452830425782533e-07,62.32120271772146
3443,3770,7.83015928049939e-05,7.074231945230152e-05,5.022172950914317e-07,2.537100401778077e-07,62.33879020810127
3444,3771,7.823802942782356e-05,7.066849485395643e-05,5.058734995074836e-07,2.510799578792299e-07,62.35645351372659
3445,3772,7.815485497367736e-05,7.059028198592666e-05,5.054778467740227e-07,2.509794520010458e-07,62.374071940779686
3446,3773,7.806905175435536e-05,7.054403604451727e-05,5.02361491968784e-07,2.501400790150245e-07,62.39160563237965
3447,3774,7.798588649701071e-05,7.048178631545962e-05,5.003504226939403e-07,2.500595954611688e-07,62.40913894958794
3448,3775,7.791673248375864e-05,7.05274567686427e-05,4.881895731204318e-07,2.5073799839116243e-07,62.42711640801281
3449,3776,7.786759889987272e-05,7.050339995268829e-05,4.886818085862874e-07,2.4773808613215626e-07,62.444668975658715
3450,3777,7.780902446115581e-05,7.048671540987329e-05,4.813269253876201e-07,2.5090397974063215e-07,62.462215079925954
3451,3778,7.775106428621175e-05,7.049848295347104e-05,4.818827305442624e-07,2.433754027298092e-07,62.4798703212291
3452,3779,7.765014779947511e-05,7.053381555610187e-05,4.82826143458027e-07,2.2880708087929698e-07,62.49741299264133
3453,3780,7.755080139783011e-05,7.051544053614947e-05,4.800738527329952e-07,2.23462233435068e-07,62.514956834726036
3454,3781,7.741156739679531e-05,7.062444732427966e-05,4.663751170059626e-07,2.123368902456018e-07,62.532580397091806
3455,3782,7.724548691628901e-05,7.055479763841642e-05,4.6425804654123903e-07,2.0481088124601951e-07,62.55022815987468
3456,3783,7.70309512880743e-05,7.046884535488178e-05,4.443643034630615e-07,2.118462898561909e-07,62.56777965184301
3457,3784,7.694232787836744e-05,7.048634063083782e-05,4.299229999827283e-07,2.156757247702334e-07,62.58534643892199
3458,3785,7.680833287766135e-05,7.055862650448095e-05,4.1415249804009096e-07,2.108181392779482e-07,62.60348288342357
3459,3786,7.67447355295223e-05,7.052774865807943e-05,4.1314529983098047e-07,2.085533873133054e-07,62.620958840474486
3460,3787,7.669338631493647e-05,7.044214060531428e-05,4.2306713501267614e-07,2.0205743594954268e-07,62.638460285030305
3461,3788,7.662034265516381e-05,7.047661549430272e-05,4.1480428672462643e-07,1.9956842936148296e-07,62.65608383342624
3462,3789,7.656149245422212e-05,7.052961093954845e-05,4.052549281702395e-07,1.9793322329712748e-07,62.67363712005317
3463,3790,7.648347154215862e-05,7.04542996787734e-05,4.0353284916797126e-07,1.9938433717055166e-07,62.69116111006588
3464,3791,7.632678331313297e-05,7.028921546123936e-05,4.023859790197598e-07,2.0137080616960145e-07,62.70872863661498
3465,3792,7.610960822087949e-05,6.996409931221044e-05,4.0295056009343087e-07,2.1160033077347268e-07,62.72682423051447
3466,3793,7.591430869650951e-05,6.962538721678575e-05,4.032494206388456e-07,2.2564272733353107e-07,62.74422059208155
3467,3794,7.574731635838302e-05,6.934145165858748e-05,4.094646991990281e-07,2.311217707805264e-07,62.76176524721086
3468,3795,7.558841890077786e-05,6.931709435124658e-05,3.9863388428838245e-07,2.284985706647455e-07,62.779840778559446
3469,3796,7.544109379239988e-05,6.931005666284694e-05,3.9432279825114605e-07,2.187809147041487e-07,62.797411888837814
3470,3797,7.532092359543852e-05,6.93589731166021e-05,3.8735506579669726e-07,2.08839982086944e-07,62.81501522753388
3471,3798,7.526126952782811e-05,6.938386208171389e-05,3.7935735437334286e-07,2.0838339023807934e-07,62.83268094435334
3472,3799,7.520232436718733e-05,6.938077553680497e-05,3.753585862990081e-07,2.0679629673922686e-07,62.85031257942319
3473,3800,7.51529107437076e-05,6.938428123693386e-05,3.6753624685148295e-07,2.0932670382589057e-07,62.86790226586163
3474,3801,7.50932868150939e-05,6.940911189811657e-05,3.6166405879670895e-07,2.0675343290102386e-07,62.885395964607596
3475,3802,7.501754811711924e-05,6.934139681716219e-05,3.619184941804447e-07,2.0569663581526044e-07,62.90398813225329
3476,3803,7.489501885083622e-05,6.927272675528168e-05,3.617331258030584e-07,2.0049608375239508e-07,62.9213902503252
3477,3804,7.481508665450486e-05,6.925023146253163e-05,3.574219186141732e-07,1.9906360058315028e-07,62.93888670578599
3478,3805,7.472050566234861e-05,6.919567428419084e-05,3.623119889104835e-07,1.9017114890529367e-07,62.95706657227129
3479,3806,7.463778813986279e-05,6.917711450801508e-05,3.5566838873285405e-07,1.9039897445191738e-07,62.97460401803255
3480,3807,7.45580004732593e-05,6.922529326521455e-05,3.5265205114463156e-07,1.8061866965984372e-07,62.993212352506816
3481,3808,7.453879510714107e-05,6.937504584648043e-05,3.4321664881417854e-07,1.731582772518859e-07,63.01071465946734
3482,3809,7.449953396788097e-05,6.928434844407855e-05,3.4542483859698824e-07,1.7609371378325391e-07,63.02836165204644
3483,3810,7.446723853593652e-05,6.925751514339874e-05,3.4705133598098925e-07,1.7392100327278836e-07,63.04589405376464
3484,3811,7.441991764290775e-05,6.928256784702186e-05,3.4421873837783304e-07,1.6951624121075574e-07,63.06343284621835
3485,3812,7.43232244629573e-05,6.934199277085286e-05,3.359071430124638e-07,1.6221602619798015e-07,63.08113012649119
3486,3813,7.424435435612046e-05,6.936749536646908e-05,3.2909276973322727e-07,1.5859312923191054e-07,63.09862676914781
3487,3814,7.414884223651479e-05,6.932333811478544e-05,3.2577957878498636e-07,1.5677083338794887e-07,63.11673549935222
3488,3815,7.40278273290987e-05,6.911993422281086e-05,3.33680049206166e-07,1.571092614226184e-07,63.13424603268504
3489,3816,7.392911039800561e-05,6.892930192033155e-05,3.3624163679763065e-07,1.63739210969775e-07,63.15186438988894
3490,3817,7.380930654169639e-05,6.868088285434737e-05,3.4912995809926354e-07,1.6371241063563886e-07,63.16937424335629
3491,3818,7.370441348444796e-05,6.858627042773756e-05,3.5166615124616655e-07,1.6014815442487344e-07,63.18694050703198
3492,3819,7.361064116315417e-05,6.845793282912795e-05,3.532081925980406e-07,1.6206264080458067e-07,63.20454512629658
3493,3820,7.353542576295104e-05,6.840566263814212e-05,3.541237351379625e-07,1.588525773429296e-07,63.22212534490973
3494,3821,7.344726215033336e-05,6.83406953040559e-05,3.5165768073447843e-07,1.58999003893268e-07,63.239650985226035
3495,3822,7.336865197404533e-05,6.829299092728835e-05,3.5152984329418316e-07,1.560362613815152e-07,63.2579861395061
3496,3823,7.328623984736235e-05,6.81991461820301e-05,3.485001319905016e-07,1.6020923454272398e-07,63.27551471628249
3497,3824,7.320493782385679e-05,6.817888603583931e-05,3.437946995268871e-07,1.588104792748616e-07,63.293129668571055
3498,3825,7.308283544224701e-05,6.808419934712112e-05,3.463244160834839e-07,1.535391934291051e-07,63.31103279069066
3499,3826,7.291549748005966e-05,6.798588670590822e-05,3.460947690811856e-07,1.468663083339592e-07,63.32861610688269
3500,3827,7.282391178800675e-05,6.789985188048088e-05,3.5056438309116785e-07,1.4184160766141892e-07,63.34613048564643
3501,3830,7.277446689380902e-05,6.788121567594317e-05,3.4668980587171265e-07,1.4263531591487283e-07,63.373705787584186
3502,3831,7.27199054035379e-05,6.784424972016041e-05,3.4010392075883174e-07,1.4746164757891845e-07,63.39051751140505
3503,3832,7.269087032686437e-05,6.78134825069609e-05,3.4167211650884156e-07,1.460666654815051e-07,63.407346117310226
3504,3833,7.26512318800491e-05,6.779952197109251e-05,3.4067966018211424e-07,1.444913307135448e-07,63.42418342549354
3505,3834,7.26232598589978e-05,6.77925341739106e-05,3.3899264451074065e-07,1.4407992399798083e-07,63.441055624745786
3506,3835,7.258200050180589e-05,6.77506723021432e-05,3.39806269167675e-07,1.4332655079859463e-07,63.45834838785231
3507,3836,7.256257485730085e-05,6.773005735473021e-05,3.390767261996218e-07,1.4417502405744288e-07,63.47537338640541
3508,3837,7.254076513697863e-05,6.765601547413439e-05,3.41592394494298e-07,1.468825717901266e-07,63.49238815717399
3509,3838,7.25190530660069e-05,6.755980398331618e-05,3.4579898159693344e-07,1.5012592667213872e-07,63.50935828592628
3510,3839,7.250305960812805e-05,6.749854506934031e-05,3.470582271581987e-07,1.5339322672057538e-07,63.52634903881699
3511,3840,7.248824917166595e-05,6.745791940641796e-05,3.482244398228712e-07,1.5480853670192835e-07,63.543376985006034
3512,3841,7.246774641580205e-05,6.742490606138689e-05,3.492439565320003e-07,1.5504007890951625e-07,63.560436956584454
3513,3842,7.244418297975186e-05,6.73917017315818e-05,3.4887195820694845e-07,1.563761666100573e-07,63.57753536477685
3514,3843,7.241546165170042e-05,6.733455531732301e-05,3.512094092798959e-07,1.5688122415784555e-07,63.594702549278736
3515,3844,7.238820097632805e-05,6.72674273186417e-05,3.556543346153739e-07,1.5642303115326167e-07,63.61188902053982
3516,3846,7.237362537017418e-05,6.724190008881169e-05,3.532353022843058e-07,1.599372258519434e-07,63.635588868521154
3517,3847,7.233266891028518e-05,6.71805265568147e-05,3.543109177838445e-07,1.6090331756320352e-07,63.6529493406415
3518,3848,7.228957509466895e-05,6.704958139619794e-05,3.5810624695344756e-07,1.6589312289365315e-07,63.67036525439471
3519,3850,7.227066573549825e-05,6.704691087189644e-05,3.597066672058274e-07,1.6266881915435327e-07,63.69347497820854
3520,3851,7.225465970309569e-05,6.702287447779906e-05,3.607681255386758e-07,1.6241039699098613e-07,63.71083229128271
3521,3852,7.222801620228509e-05,6.702118327300942e-05,3.6141417541791267e-07,1.5926911750965474e-07,63.72920606750995
3522,3853,7.220662767245707e-05,6.696851170680602e-05,3.6623564925359687e-07,1.5757594731150746e-07,63.74661228060722
3523,3854,7.217693632076495e-05,6.689783128574471e-05,3.6875631626985893e-07,1.5915418723216454e-07,63.76401930022985
3524,3855,7.211322339764308e-05,6.673007134120326e-05,3.7624419308146615e-07,1.6207101256251586e-07,63.782108223065734
3525,3856,7.204965580267946e-05,6.652792715051546e-05,3.831974455504444e-07,1.689754196659558e-07,63.79953780211508
3526,3857,7.199650934354268e-05,6.642537658447217e-05,3.8574722634573425e-07,1.7136604956131576e-07,63.816999091766775
3527,3858,7.195842336426768e-05,6.638816165440068e-05,3.861955405590206e-07,1.708306304276786e-07,63.83460417762399
3528,3859,7.19277107115603e-05,6.639626489720097e-05,3.8559655731761535e-07,1.67548024118318e-07,63.85220998432487
3529,3860,7.190715939821052e-05,6.638296445003145e-05,3.881374619462786e-07,1.6428203287162859e-07,63.869788935407996
3530,3861,7.18866893108978e-05,6.642275154679106e-05,3.862254076520967e-07,1.6016836875857663e-07,63.88739855680615
3531,3862,7.185830609344017e-05,6.643280406638928e-05,3.867216410512692e-07,1.5582856165382093e-07,63.90506794024259
3532,3863,7.1822501977371e-05,6.644960901049733e-05,3.846807327195858e-07,1.526085639677808e-07,63.9235081654042
3533,3864,7.178980110705966e-05,6.6465154786388e-05,3.816588188896101e-07,1.5080581317755512e-07,63.94101685844362
3534,3865,7.175232100211887e-05,6.651328781661752e-05,3.7543273486888956e-07,1.4847058368124579e-07,63.95870086085051
3535,3866,7.171378950192497e-05,6.655878759474015e-05,3.684393771813139e-07,1.4706081353716728e-07,63.97624375205487
3536,3867,7.167097492559976e-05,6.660950679516142e-05,3.605101646236967e-07,1.456366484201373e-07,63.993807011283934
3537,3868,7.161917531993392e-05,6.660704105250365e-05,3.542665702735151e-07,1.4694685646951225e-07,64.0114309201017
3538,3869,7.157209213367303e-05,6.655747857281177e-05,3.5018967932594547e-07,1.5127167676018125e-07,64.0296576237306
3539,3870,7.154195632113624e-05,6.646217021073139e-05,3.5150046536343805e-07,1.5647814567704643e-07,64.04710609279573
3540,3872,7.152634914741354e-05,6.643521922287104e-05,3.506673911284151e-07,1.5844560132583502e-07,64.07072541117668
3541,3873,7.14979013353106e-05,6.63034980363773e-05,3.504123589006344e-07,1.690279709926966e-07,64.08825521171093
3542,3874,7.145522253801182e-05,6.624710922162193e-05,3.5118685501098605e-07,1.6962447662800292e-07,64.1058810967952
3543,3875,7.142000002509649e-05,6.622694550694891e-05,3.4870142566896854e-07,1.7060402614578906e-07,64.12338492553681
3544,3876,7.140055454609107e-05,6.634140644567758e-05,3.3996095098406926e-07,1.659538590572796e-07,64.14091008808464
3545,3877,7.135889184258899e-05,6.631888657394537e-05,3.3940872297246674e-07,1.6459180389189424e-07,64.15860505588353
3546,3878,7.133864556245809e-05,6.634629818897681e-05,3.357383100986044e-07,1.6349642724952366e-07,64.17620545532554
3547,3879,7.131064769655034e-05,6.638008655494442e-05,3.329284847772363e-07,1.6012762938335686e-07,64.1937968172133
3548,3880,7.126922614797799e-05,6.643093999931803e-05,3.281784163234499e-07,1.5565019854254665e-07,64.21134965587407
3549,3881,7.120750764680886e-05,6.641298288598224e-05,3.2712365470383144e-07,1.523288213788317e-07,64.22905506566167
3550,3882,7.116779760066429e-05,6.634018921569473e-05,3.284420419949867e-07,1.5431879650196956e-07,64.24661464709789
3551,3884,7.113945259066382e-05,6.63434738780589e-05,3.2610317617122694e-07,1.5349469508926466e-07,64.27027269545943
3552,3885,7.112357532179176e-05,6.623170579048373e-05,3.341279989646783e-07,1.55058954166126e-07,64.2878834689036
3553,3886,7.108479697652445e-05,6.621051601823296e-05,3.310810788743549e-07,1.563470169547935e-07,64.30553935375065
3554,3887,7.10512360304969e-05,6.616605934855175e-05,3.2815631537242416e-07,1.6036135282209063e-07,64.3230473715812
3555,3888,7.100148298409958e-05,6.610701954797146e-05,3.2667621173684405e-07,1.6277013187596788e-07,64.34079054184258
3556,3889,7.093367037106147e-05,6.601822062276531e-05,3.2622309649158703e-07,1.6532187833802982e-07,64.35886106267571
3557,3890,7.086367254778595e-05,6.594742868195518e-05,3.2937003563370776e-07,1.6225435094936966e-07,64.37649480812252
3558,3891,7.082459047081326e-05,6.596619011338953e-05,3.266080945742248e-07,1.592319411681482e-07,64.39413089584559
3559,3892,7.077904830151625e-05,6.59524367069154e-05,3.271861191976608e-07,1.5547504026242374e-07,64.41180605627596
3560,3893,7.072166329926034e-05,6.589898595721462e-05,3.274532302054974e-07,1.5481450399907517e-07,64.42951467540115
3561,3894,7.069782013775027e-05,6.588556873341824e-05,3.3486166110424356e-07,1.4636347932895783e-07,64.44706185068935
3562,3895,7.064028956450104e-05,6.582612533024431e-05,3.3095667008110297e-07,1.5045975334457019e-07,64.46457762178034
3563,3896,7.059174627320198e-05,6.577667293669815e-05,3.294266915466936e-07,1.5208064210368914e-07,64.48214222677052
3564,3897,7.054016884345912e-05,6.5737875434558e-05,3.2858420618384755e-07,1.5164513470626503e-07,64.5007210355252
3565,3898,7.051186027795467e-05,6.572009469854156e-05,3.290606779816347e-07,1.5011587995967632e-07,64.51819029916078
3566,3899,7.048973001227532e-05,6.574530769753115e-05,3.284278672436126e-07,1.460143642308045e-07,64.536208325997
3567,3900,7.047607159629891e-05,6.573565911274994e-05,3.2797462344504443e-07,1.4606662490985192e-07,64.55393285304308
3568,3901,7.04651847535583e-05,6.5713435275053e-05,3.300414920690305e-07,1.4513345578149903e-07,64.57142477761954
3569,3902,7.0444176747856e-05,6.566877958654963e-05,3.327460138062002e-07,1.4479370232443567e-07,64.58896622154862
3570,3903,7.042312386589455e-05,6.561664468741722e-05,3.35888730860922e-07,1.4475918698681164e-07,64.60655993409455
3571,3904,7.03932732720282e-05,6.555410415502342e-05,3.4062657711799357e-07,1.4329033458248378e-07,64.62414710316807
3572,3905,7.034661046077907e-05,6.549612408127138e-05,3.407464205320902e-07,1.443022174186795e-07,64.64177705161273
3573,3906,7.02589777818821e-05,6.53870511593685e-05,3.4386310030693274e-07,1.4332956194442752e-07,64.65947073046118
3574,3907,7.019059520820781e-05,6.533182403281264e-05,3.413706003830937e-07,1.4450651715642452e-07,64.67708353884518
3575,3908,7.011484092105681e-05,6.533096074715951e-05,3.4090625785078856e-07,1.3748175953894283e-07,64.69462479278445
3576,3909,7.006517013426868e-05,6.526158358412026e-05,3.3641717613456317e-07,1.4394147888027964e-07,64.71215212717652
3577,3911,7.002401170461732e-05,6.5245437160267e-05,3.362646459959648e-07,1.4159280843906658e-07,64.73630034923553
3578,3912,6.997018966393279e-05,6.522817743500617e-05,3.3724469980783726e-07,1.3695652308482385e-07,64.75396040640771
3579,3913,6.987760746838963e-05,6.516332016572298e-05,3.383184001487994e-07,1.3311033011786674e-07,64.77150321472436
3580,3914,6.97975012871557e-05,6.509907480954045e-05,3.402859649451601e-07,1.2955668281636552e-07,64.78906190302223
3581,3915,6.972197432495246e-05,6.495926224685105e-05,3.416959690465764e-07,1.3457523876356385e-07,64.80664967559278
3582,3916,6.966715099349422e-05,6.490466794260449e-05,3.350825283830774e-07,1.4116577670589544e-07,64.8241897188127
3583,3917,6.963186498324928e-05,6.485444087263511e-05,3.3376253283306883e-07,1.4397987822834788e-07,64.8417439898476
3584,3918,6.959978633508336e-05,6.482748860160637e-05,3.3117388684671614e-07,1.4605588650098301e-07,64.8594109583646
3585,3920,6.958484799053867e-05,6.482156933126123e-05,3.3168862975893006e-07,1.4463923616881482e-07,64.88354990258813
3586,3921,6.957084974738731e-05,6.482646107091126e-05,3.263917096456132e-07,1.48047158001992e-07,64.90113060362637
3587,3922,6.95362324676826e-05,6.4848320886979e-05,3.2518351464105475e-07,1.4360764342930462e-07,64.91870779171586
3588,3923,6.951243923547948e-05,6.487655538680429e-05,3.2219602247264627e-07,1.413923623948728e-07,64.93631764687598
3589,3924,6.948256972782083e-05,6.491245711397949e-05,3.1821177329638394e-07,1.3879948808775023e-07,64.95396748743951
3590,3925,6.944628847011216e-05,6.491973170363419e-05,3.1355086337776977e-07,1.3910481327002734e-07,64.97158162575215
3591,3926,6.941676736631754e-05,6.491921340391893e-05,3.1158738295789953e-07,1.3816801328196154e-07,64.98914585728198
3592,3927,6.939229588895653e-05,6.487871119453843e-05,3.127046138245648e-07,1.386538556172448e-07,65.00666295923293
3593,3928,6.935956959155645e-05,6.481395088987558e-05,3.139813761200158e-07,1.4058049404807118e-07,65.02429697103798
3594,3929,6.933247801111799e-05,6.476656722892627e-05,3.1733710517309594e-07,1.3925397304607493e-07,65.04186312947422
3595,3930,6.930722900954138e-05,6.467558597533938e-05,3.236677295617718e-07,1.394965738584284e-07,65.05959561653435
3596,3931,6.927617468674892e-05,6.46805893864332e-05,3.2329356071419253e-07,1.3626496931737854e-07,65.07717705424875
3597,3932,6.924856727509776e-05,6.46958798342384e-05,3.221275057527781e-07,1.3314123833315762e-07,65.09473267570138
3598,3933,6.920542152766108e-05,6.472255323176026e-05,3.204114626120996e-07,1.2787536697798348e-07,65.1122620254755
3599,3934,6.918002487415871e-05,6.469152394139816e-05,3.2332962879876546e-07,1.255204644772902e-07,65.12988026812673
3600,3935,6.914573297951736e-05,6.466108414244773e-05,3.248113673128425e-07,1.2365351639412064e-07,65.14747435133904
3601,3936,6.911944423175562e-05,6.46146822845419e-05,3.290406701461242e-07,1.2143552457524818e-07,65.16509014647454
3602,3937,6.910201439523495e-05,6.456526780993933e-05,3.2936594131223226e-07,1.2430871721732868e-07,65.18261331226677
3603,3938,6.909042846245453e-05,6.457795954191397e-05,3.2829864100656614e-07,1.2294825104748925e-07,65.20017819199711
3604,3939,6.908288421075679e-05,6.459073285100603e-05,3.2744916162910054e-07,1.2176597434597613e-07,65.218585671857
3605,3940,6.90726533467087e-05,6.459905544439724e-05,3.2733614671234853e-07,1.2002364351879907e-07,65.23608916159719
3606,3941,6.904901434684692e-05,6.461073723890417e-05,3.2691620909800285e-07,1.1691150169627312e-07,65.25461886730045
3607,3942,6.904379949455732e-05,6.472631907466631e-05,3.232534988955707e-07,1.0849454309352975e-07,65.27208824362606
3608,3943,6.90102185738399e-05,6.465410413892144e-05,3.249080748606302e-07,1.1070336863121609e-07,65.28961553610861
3609,3944,6.899300870578457e-05,6.46083715259819e-05,3.2564137678357876e-07,1.1282234119668854e-07,65.30720633454621
3610,3945,6.897211720139397e-05,6.457957107324632e-05,3.25570689287923e-07,1.1368392352684212e-07,65.32476751506329
3611,3946,6.895057211071462e-05,6.454787700899225e-05,3.244678778430744e-07,1.1580163232916239e-07,65.34240727685392
3612,3947,6.892568304870537e-05,6.453454919164591e-05,3.251771339207759e-07,1.1393625178517022e-07,65.36012733075768
3613,3948,6.890258669802115e-05,6.453337356686557e-05,3.236734654091629e-07,1.1324784770639633e-07,65.37764995545149
3614,3949,6.888511145876263e-05,6.451861454623883e-05,3.2502396373694186e-07,1.1162572751543763e-07,65.39519650302827
3615,3950,6.886870226924424e-05,6.450102661884357e-05,3.2504079903931587e-07,1.1172676600075077e-07,65.41273656487465
3616,3951,6.884938403432815e-05,6.446842172247673e-05,3.270655479309785e-07,1.1103068325416227e-07,65.43034510873258
3617,3952,6.882094952025334e-05,6.444260137712421e-05,3.2625311409067405e-07,1.1158170022223976e-07,65.44790259283036
3618,3953,6.87919884442921e-05,6.443803095768257e-05,3.247436918295957e-07,1.106520568313576e-07,65.46632700506598
3619,3954,6.876173364683348e-05,6.441402707441169e-05,3.2522203355957687e-07,1.0954862368260231e-07,65.48391470126808
3620,3955,6.873260982029605e-05,6.448229570656177e-05,3.1726596000939163e-07,1.0776545136403574e-07,65.50150456465781
3621,3956,6.870607462116419e-05,6.454957997253869e-05,3.1316547938148776e-07,1.0248398548106198e-07,65.51907296385616
3622,3957,6.868926164245567e-05,6.456077210998754e-05,3.0840146448828215e-07,1.0444748875853075e-07,65.53716995380819
3623,3958,6.866591843164341e-05,6.456034535200451e-05,3.080677839308448e-07,1.024895240330439e-07,65.5547650968656
3624,3959,6.865281692447474e-05,6.453107637014154e-05,3.093164963859982e-07,1.0285755904732039e-07,65.57238097582012
3625,3960,6.86416368985359e-05,6.451282096871815e-05,3.093704446545535e-07,1.0351114832722124e-07,65.58993794862181
3626,3961,6.862670687218094e-05,6.450308561236323e-05,3.0801322156165786e-07,1.0434890442011333e-07,65.60754576418549
3627,3962,6.86129838774757e-05,6.44913611406957e-05,3.0750741889182017e-07,1.0465485478618142e-07,65.625068731606
3628,3963,6.85982067876898e-05,6.450899063623575e-05,3.0690490614149017e-07,1.0201670900391505e-07,65.6431600926444
3629,3964,6.858929104929829e-05,6.447914061226247e-05,3.0932012936915746e-07,1.0169491433442406e-07,65.6608536215499
3630,3965,6.857485311379987e-05,6.447928684823272e-05,3.0808048139976116e-07,1.0147614515695358e-07,65.67841888219118
3631,3966,6.856162589262878e-05,6.447323689310437e-05,3.0813972947802016e-07,1.0069917047442079e-07,65.69600204750896
3632,3967,6.854520414433973e-05,6.447179029209377e-05,3.070104649944224e-07,1.003309202301737e-07,65.71356141753495
3633,3968,6.852085561102378e-05,6.446873461356947e-05,3.056464173287806e-07,9.956568241664942e-08,65.73118217103183
3634,3969,6.850142050888879e-05,6.445400853425321e-05,3.043466065504771e-07,1.0039459091308144e-07,65.74875510390848
3635,3971,6.848971708711365e-05,6.446047207263352e-05,3.036807921879723e-07,9.92437092600408e-08,65.77292359154671
3636,3972,6.847446642301003e-05,6.442616915929112e-05,3.035428534802359e-07,1.0128687289165562e-07,65.79040870629251
3637,3973,6.846336306482606e-05,6.440377107239976e-05,3.034101549873214e-07,1.0254904425530729e-07,65.80803713481873
3638,3974,6.845201895431633e-05,6.437833683475396e-05,3.0365876252641257e-07,1.0370944942982423e-07,65.82555934414268
3639,3975,6.842678083614471e-05,6.433611268045943e-05,3.049588709325724e-07,1.0410794463595589e-07,65.8431620998308
3640,3976,6.839505633358859e-05,6.428022896899299e-05,3.0411787591610093e-07,1.0736486054345902e-07,65.86080110538751
3641,3977,6.834879079402498e-05,6.422960638124498e-05,3.035583685646441e-07,1.08360072713356e-07,65.87833679839969
3642,3978,6.829474578164642e-05,6.416267074700892e-05,3.0370972060650264e-07,1.0949778285724797e-07,65.8958951504901
3643,3979,6.825917658210179e-05,6.41456918437035e-05,3.016608912323641e-07,1.0968758260746499e-07,65.91342306602746
3644,3980,6.822373101753207e-05,6.414035587896103e-05,3.0076120691523856e-07,1.0757630694186568e-07,65.93106024712324
3645,3981,6.81915901691733e-05,6.41327389905606e-05,2.9757862260125297e-07,1.0830649526001623e-07,65.94877900741994
3646,3982,6.814532697115984e-05,6.407092754750815e-05,2.9694205144266496e-07,1.104978909225055e-07,65.96683890931308
3647,3983,6.811352431907286e-05,6.402140524277125e-05,2.9823422514978546e-07,1.1097768248037535e-07,65.98440854530782
3648,3984,6.807687173993709e-05,6.400290172154204e-05,2.9416762866233796e-07,1.1322937317716702e-07,66.00208503659815
3649,3985,6.80505370849891e-05,6.395674912311197e-05,2.9394532753075375e-07,1.1543346865695902e-07,66.01969540584832
3650,3986,6.80142640109401e-05,6.392104688892265e-05,2.9087062983750247e-07,1.1845108236424307e-07,66.03730588313192
3651,3987,6.799410642867085e-05,6.38898377541252e-05,2.916471592079252e-07,1.1877970824664021e-07,66.0548537094146
3652,3988,6.795126919048944e-05,6.389762191312812e-05,2.89937618054109e-07,1.1542710968202322e-07,66.07239776290953
3653,3989,6.791968861556869e-05,6.386923358397002e-05,2.9246239039122535e-07,1.1258311276864119e-07,66.08991869539022
3654,3990,6.789350960994032e-05,6.388010563189581e-05,2.90363002227974e-07,1.1097739557647544e-07,66.10749463550746
3655,3991,6.786735852892479e-05,6.387556098320244e-05,2.909670263197578e-07,1.082127282524775e-07,66.12507167179137
3656,3992,6.784092380841013e-05,6.386571184593056e-05,2.894706223322137e-07,1.0805057391574331e-07,66.14261318743229
3657,3993,6.77970723811851e-05,6.383598699612898e-05,2.9111749813437945e-07,1.0499104037123244e-07,66.16022846568376
3658,3994,6.775818652703627e-05,6.377551950807141e-05,2.904205137775207e-07,1.07846188118965e-07,66.17777890805155
3659,3995,6.772468208911184e-05,6.376962206343682e-05,2.883554055922127e-07,1.0715059697528847e-07,66.19536902755499
3660,3996,6.77045658565638e-05,6.372181866142706e-05,2.9114250220229653e-07,1.0713221731137813e-07,66.21296491287649
3661,3997,6.769008657012208e-05,6.368520209262101e-05,2.894779068291179e-07,1.1101054092098967e-07,66.23054552916437
3662,3998,6.767183364148712e-05,6.362531853909709e-05,2.891029514229895e-07,1.1554855881601358e-07,66.24807348381728
3663,4000,6.766648799185169e-05,6.365528741099767e-05,2.854383988890107e-07,1.1568165919639128e-07,66.27173359878361
3664,4001,6.765630410693429e-05,6.3600538439184e-05,2.867505522999858e-07,1.1882601447504348e-07,66.2892673034221
3665,4002,6.765349479615939e-05,6.354802202282944e-05,2.856635297607599e-07,1.2488374757223503e-07,66.30694190971553
3666,4003,6.76359783155974e-05,6.356616350483458e-05,2.860268561272149e-07,1.2095462494906638e-07,66.32447248790413
3667,4004,6.762427616020492e-05,6.355414907050591e-05,2.898915385750712e-07,1.1712117039482944e-07,66.34202993288636
3668,4005,6.761012670364669e-05,6.354221049968299e-05,2.8893779984537017e-07,1.1785382055100095e-07,66.35962836444378
3669,4006,6.759112540625841e-05,6.348802855796453e-05,2.9030603482824467e-07,1.2000365000114262e-07,66.37716821301728
3670,4007,6.756612077130975e-05,6.337547936532206e-05,2.9194605806493546e-07,1.2711808253383428e-07,66.3947255415842
3671,4008,6.754758344770489e-05,6.328649530031528e-05,2.961189081008681e-07,1.2998990663809254e-07,66.41270793788135
3672,4009,6.752692443988075e-05,6.322944297097198e-05,2.9844229854223295e-07,1.313058483486442e-07,66.43026180937886
3673,4010,6.749152523182435e-05,6.311233081772329e-05,3.03948063459422e-07,1.3397137795068505e-07,66.44782951381058
3674,4011,6.746025513071711e-05,6.304153972557804e-05,3.0695717656145877e-07,1.3491436395244845e-07,66.46539529971778
3675,4012,6.740598160358407e-05,6.291827357550402e-05,3.1107136715706545e-07,1.3769943565094007e-07,66.48292295448482
3676,4013,6.733457470099628e-05,6.281998066573755e-05,3.0774037040754714e-07,1.4371903311832638e-07,66.50043831951916
3677,4015,6.729539069335368e-05,6.279744218330458e-05,3.108191266165698e-07,1.389757243883398e-07,66.52407279983163
3678,4016,6.72014615628714e-05,6.271912199773961e-05,3.0362144416822827e-07,1.4461251234495158e-07,66.54159634001553
3679,4017,6.706740933905785e-05,6.259278605162814e-05,2.927172342723994e-07,1.54745094470572e-07,66.55922148935497
3680,4019,6.700255902963436e-05,6.257857982045e-05,2.8974325046234963e-07,1.5265467045608588e-07,66.58302961103618
3681,4020,6.686288438698881e-05,6.238988914929284e-05,2.8933447455150007e-07,1.5796504921809673e-07,66.6010545855388
3682,4021,6.677832923732575e-05,6.22795733543264e-05,2.841177735367122e-07,1.6575781476322333e-07,66.618513379246
3683,4022,6.665596480407797e-05,6.205118456299524e-05,3.044818457769839e-07,1.559961783312897e-07,66.63617137447
3684,4023,6.657045654680601e-05,6.216284851418003e-05,2.9115842178354514e-07,1.4960238147905258e-07,66.65371063072234
3685,4024,6.649601210444644e-05,6.198608609124265e-05,2.932160870481657e-07,1.5777651427221273e-07,66.6712986053899
3686,4025,6.63857990808202e-05,6.179260477672074e-05,2.9882497396201175e-07,1.6049445644793473e-07,66.68887144047767
3687,4026,6.63114663412739e-05,6.149246520433827e-05,3.186203170773812e-07,1.6327979661618216e-07,66.70638899877667
3688,4027,6.619950870891402e-05,6.134799495094225e-05,3.2224691046594386e-07,1.629044653312333e-07,66.72397571802139
3689,4028,6.614000218609052e-05,6.140716088640936e-05,3.1044025202114293e-07,1.6284387794697217e-07,66.74152434431016
3690,4029,6.596030336353488e-05,6.125935603624459e-05,3.105237164451734e-07,1.5957101628385622e-07,66.75954375136644
3691,4030,6.586633759530509e-05,6.07480904281605e-05,3.443497415462811e-07,1.6747497516817834e-07,66.77709283679724
3692,4031,6.566703020596625e-05,6.068563582613282e-05,3.303714767469889e-07,1.6776796123635341e-07,66.79464977048337
3693,4032,6.559089866306382e-05,6.074600231742707e-05,3.1668871703648294e-07,1.678009175271916e-07,66.81225394178182
3694,4033,6.527236268338453e-05,6.046175083768289e-05,3.185947054485972e-07,1.6246647912156584e-07,66.82977308705449
3695,4035,6.51369979450368e-05,6.018803082060405e-05,3.3612473604240966e-07,1.5877197640086512e-07,66.85424197278917
3696,4036,6.494988515320276e-05,5.988593810703125e-05,3.4609547943194013e-07,1.6029922518521082e-07,66.87185339443386
3697,4037,6.472606275241294e-05,5.957742404646424e-05,3.5039976185298705e-07,1.6446410874188318e-07,66.88943185377866
3698,4039,6.464877015404923e-05,5.960001056715408e-05,3.428272521368428e-07,1.6204870655267255e-07,66.9136520344764
3699,4040,6.453444740814629e-05,5.955721664650326e-05,3.334159461421722e-07,1.6430713002213116e-07,66.93125626631081
3700,4041,6.436933381954383e-05,5.933775963059512e-05,3.3249425190775234e-07,1.7066316698711834e-07,66.94894176349044
3701,4042,6.420823872369494e-05,5.910693824267068e-05,3.263429276156243e-07,1.8378712048680155e-07,66.96654262207448
3702,4044,6.413047945292006e-05,5.903044684878198e-05,3.224347055391252e-07,1.875685548746825e-07,66.99023670423776
3703,4045,6.390723043252028e-05,5.888683473129774e-05,3.0950200039059216e-07,1.9253756973166243e-07,67.00780026614666
3704,4046,6.371533232332317e-05,5.871242592166556e-05,3.0506323874475054e-07,1.952274014210095e-07,67.02542596217245
3705,4047,6.354920425417001e-05,5.8459213705739496e-05,2.8918115687892655e-07,2.1981789796412584e-07,67.04295540228486
3706,4048,6.340270032177061e-05,5.812938140116483e-05,3.095855847371679e-07,2.1774630732341105e-07,67.06095151230693
3707,4049,6.326850857106115e-05,5.794591730809405e-05,2.9823478097816727e-07,2.3402434531854372e-07,67.07891463115811
3708,4050,6.314940814879077e-05,5.788915878049766e-05,2.904261599249226e-07,2.3559877690438814e-07,67.09640285558999
3709,4051,6.299930878886489e-05,5.770885769950772e-05,3.0032972521110666e-07,2.2871538372461067e-07,67.1139743681997
3710,4053,6.291987899588439e-05,5.775050117942959e-05,3.063819098475977e-07,2.1055587179788297e-07,67.1376692596823
3711,4055,6.279387524392008e-05,5.76524457047195e-05,3.0943332719920874e-07,2.0470962672085024e-07,67.16134732309729
3712,4056,6.252876972923502e-05,5.7420041654157726e-05,3.009547575249588e-07,2.0991804998277006e-07,67.17890810035169
3713,4058,6.238633917716302e-05,5.737351216379379e-05,2.9741189010681555e-07,2.0387081123010784e-07,67.20257686264813
3714,4059,6.224618905173782e-05,5.7374935426322905e-05,3.06380895952853e-07,1.8074446658863842e-07,67.22009435482323
3715,4060,6.211786887727745e-05,5.729550132657237e-05,3.0475597995131986e-07,1.7748077511918784e-07,67.23771411925554
3716,4061,6.204472835864438e-05,5.726211596105079e-05,2.907591714506821e-07,1.875020683086769e-07,67.25525046791881
3717,4062,6.191034857728201e-05,5.710803720279493e-05,2.8733881603716285e-07,1.9289232141154502e-07,67.2728660153225
3718,4063,6.184041032819475e-05,5.695682314191822e-05,3.002354678647529e-07,1.8812325076290003e-07,67.29040000867099
3719,4064,6.17559405154545e-05,5.705108364404687e-05,2.877515275546382e-07,1.8273415958612514e-07,67.30792285129428
3720,4065,6.168389027129429e-05,5.6978211782101746e-05,2.8212933125633626e-07,1.884385176629183e-07,67.32545725814998
3721,4066,6.160138190368005e-05,5.694198572660091e-05,2.8203007844641475e-07,1.8390953926149853e-07,67.34295711573213
3722,4067,6.153167761952614e-05,5.700074729742898e-05,2.8002977708848147e-07,1.7306325512123465e-07,67.36153020430356
3723,4068,6.143591371794538e-05,5.701458262362785e-05,2.786484870202912e-07,1.6348462241146104e-07,67.37917326577008
3724,4069,6.128279368512541e-05,5.7027069452013884e-05,2.6998867594178513e-07,1.5558374736936694e-07,67.39670955110341
3725,4070,6.111962708778584e-05,5.693753601847734e-05,2.7592906395923765e-07,1.4228004297161222e-07,67.41433011647314
3726,4071,6.098320750857321e-05,5.675919398711996e-05,2.7893045604589874e-07,1.4347089609942618e-07,67.43264769017696
3727,4072,6.085309985974592e-05,5.655281435657901e-05,2.8533714275217727e-07,1.4469140756451432e-07,67.45007529202849
3728,4073,6.074450754170621e-05,5.642949443538924e-05,2.7873753867152103e-07,1.5276377196017608e-07,67.46811248082668
3729,4074,6.060822619320238e-05,5.6332272961195166e-05,2.7134845978718734e-07,1.5624686341353407e-07,67.48566729575396
3730,4075,6.047724371693086e-05,5.615578920239993e-05,2.673046463615908e-07,1.648408050915019e-07,67.50320039037615
3731,4076,6.0342573538164545e-05,5.6030230261206536e-05,2.6337362782163957e-07,1.678606998741614e-07,67.52075545676053
3732,4077,6.01366688619181e-05,5.5809768843627226e-05,2.643288303907194e-07,1.68361171438368e-07,67.53839625325054
3733,4078,5.997070206048601e-05,5.564728889819176e-05,2.6908122201611164e-07,1.6326009421331333e-07,67.5568911768496
3734,4079,5.9829022764083654e-05,5.5385497491651904e-05,2.8131289188655887e-07,1.630396353566158e-07,67.57437809556723
3735,4080,5.9723585378540675e-05,5.523240045767933e-05,2.8721889866558666e-07,1.6189959342054783e-07,67.59193953778595
3736,4081,5.965244482518616e-05,5.503108495510743e-05,3.026244373432774e-07,1.595115496645952e-07,67.60947292950004
3737,4082,5.954838777979569e-05,5.4946452213891285e-05,2.9919639954016264e-07,1.6099715705027798e-07,67.62701046839356
3738,4083,5.945308118005644e-05,5.482548435990624e-05,2.9440058975310447e-07,1.6835909226191534e-07,67.64453817903996
3739,4084,5.934589178910188e-05,5.467296202608971e-05,2.94064690787141e-07,1.7322828551407604e-07,67.66217754408717
3740,4085,5.9220195326900256e-05,5.446466846930544e-05,2.9521394503346365e-07,1.8033874072601816e-07,67.6797154424712
3741,4086,5.9078389374419805e-05,5.4233620534932284e-05,3.0317982933647183e-07,1.812970546122799e-07,67.69727393053472
3742,4087,5.8961494906201036e-05,5.408730680869201e-05,3.0623263640789506e-07,1.811861733430075e-07,67.7149387774989
3743,4088,5.891484863736436e-05,5.4037801388508584e-05,3.043379197417801e-07,1.8336680514379749e-07,67.73255840875208
3744,4089,5.882707168235361e-05,5.394772091190197e-05,3.075911684757637e-07,1.8034390856940104e-07,67.75013326108456
3745,4090,5.8762946533095654e-05,5.388548296983703e-05,3.0923292694126033e-07,1.785134293846021e-07,67.76777693908662
3746,4091,5.867886036836814e-05,5.3787034435066566e-05,3.121841917218226e-07,1.769984016083345e-07,67.7853073226288
3747,4092,5.86125246494315e-05,5.363245926125292e-05,3.1973374131988695e-07,1.782727974979704e-07,67.80284896027297
3748,4093,5.855531236797797e-05,5.3550563261978347e-05,3.235079255167079e-07,1.7696698508325444e-07,67.82035978045315
3749,4094,5.8474287301585865e-05,5.353242147899252e-05,3.199877964093009e-07,1.7419878585003406e-07,67.83807241916656
3750,4095,5.837630729399418e-05,5.3463897383709564e-05,3.230472576073872e-07,1.6819373342107404e-07,67.85662254039198
3751,4096,5.823958974380274e-05,5.3489908062631486e-05,3.101954658248088e-07,1.647727022923168e-07,67.87414785660803
3752,4097,5.802481841091806e-05,5.344547190719274e-05,2.9495514003366807e-07,1.629795103388643e-07,67.89169937837869
3753,4098,5.774136013975679e-05,5.3336314591113555e-05,2.937881404608778e-07,1.467164144034454e-07,67.90923277288675
3754,4099,5.746392571039923e-05,5.3085963887045833e-05,3.0850218556131314e-07,1.2929399677402586e-07,67.92682760208845
3755,4100,5.7372902055679975e-05,5.288466106187323e-05,3.1812239315158315e-07,1.307017062290917e-07,67.94436420779675
3756,4101,5.724191947502848e-05,5.28256265405533e-05,3.12175938943468e-07,1.2945335450404943e-07,67.96210783813149
3757,4102,5.718036531958421e-05,5.274563190282901e-05,3.1389859688697496e-07,1.2957474478854526e-07,67.97960700653493
3758,4103,5.7113666513617674e-05,5.26347820689626e-05,3.1579821809676155e-07,1.3209022636874577e-07,67.9971062131226
3759,4104,5.705452742505738e-05,5.250918318140392e-05,3.1935974268857483e-07,1.351746816767707e-07,68.0148352123797
3760,4105,5.697396453745863e-05,5.235744901834662e-05,3.240247764235303e-07,1.3762677548767e-07,68.03239887952805
3761,4106,5.689178770120226e-05,5.222521087207289e-05,3.2853160810682324e-07,1.3812607480611337e-07,68.04993728827685
3762,4108,5.6827198120222366e-05,5.216707744933038e-05,3.297452639310687e-07,1.3626680315812987e-07,68.07517808489501
3763,4109,5.674764538140457e-05,5.2103194541393546e-05,3.279233997310711e-07,1.3652168427003146e-07,68.09320394787937
3764,4110,5.6670952070809293e-05,5.205650788637008e-05,3.254811068179766e-07,1.3596331162594512e-07,68.11080078780651
3765,4111,5.661613217452897e-05,5.200209108586443e-05,3.2810653267080214e-07,1.332975761956518e-07,68.12930546049029
3766,4112,5.6527587092969396e-05,5.18656892349209e-05,3.3498586703973305e-07,1.312039187651171e-07,68.14685459807515
3767,4113,5.643588750311745e-05,5.166539626488681e-05,3.43235664435701e-07,1.3381345938736276e-07,68.16446435824037
3768,4114,5.633313654140804e-05,5.1489887213817565e-05,3.5731481136297744e-07,1.2701012139607018e-07,68.18240868113935
3769,4115,5.6221099513556625e-05,5.123103793413762e-05,3.675374386113383e-07,1.314687193305622e-07,68.19996323436499
3770,4116,5.610806442010044e-05,5.097323663015332e-05,3.8426068087596326e-07,1.2922209811874852e-07,68.21755516342819
3771,4117,5.60064551107669e-05,5.082322490794512e-05,3.785445105427147e-07,1.3977850973946346e-07,68.23520692810416
3772,4118,5.592056625920319e-05,5.079148978357876e-05,3.713860893382708e-07,1.4152155822417225e-07,68.25275324750692
3773,4119,5.589650143980113e-05,5.0843954736238114e-05,3.5592207919453673e-07,1.4933259116176445e-07,68.2703451057896
3774,4120,5.5803133982145536e-05,5.0723851127887775e-05,3.575135611980978e-07,1.5041472422767824e-07,68.28795109409839
3775,4121,5.574154342504914e-05,5.0671473426833194e-05,3.5695368604064727e-07,1.5005331378094788e-07,68.30555323045701
3776,4122,5.565771305916265e-05,5.05569082828681e-05,3.567352541701009e-07,1.533452234593547e-07,68.32320545706898
3777,4123,5.551760751129093e-05,5.036698000948467e-05,3.578035330651603e-07,1.572592171154661e-07,68.34189721103758
3778,4124,5.530366601033631e-05,5.009503059895254e-05,3.6211334296973584e-07,1.5875019816864176e-07,68.35949769243598
3779,4125,5.5060537445226735e-05,4.97759429868841e-05,3.708630041877568e-07,1.57596441646507e-07,68.37823030538857
3780,4126,5.495523680662655e-05,4.963961921047243e-05,3.7869052227661973e-07,1.5287123733879211e-07,68.39585946500301
3781,4127,5.4792556844716245e-05,4.949181714058428e-05,3.7205273340992367e-07,1.5802123700327253e-07,68.4134931312874
3782,4128,5.4733132290446534e-05,4.9400859426137246e-05,3.8221795905943556e-07,1.5100932737149342e-07,68.43198091629893
3783,4129,5.46063843684888e-05,4.9347983560365064e-05,3.8306218769742865e-07,1.4277789311494432e-07,68.44942762702703
3784,4130,5.4544958300194005e-05,4.931681803599504e-05,3.6989480434783095e-07,1.5291922207206578e-07,68.46704576071352
3785,4131,5.443144071241858e-05,4.9214425078644146e-05,3.7626283490065963e-07,1.454387284767834e-07,68.48466585017741
3786,4132,5.4309961023193267e-05,4.9109762768762615e-05,3.820265352757508e-07,1.3799329016731445e-07,68.50221536774188
3787,4133,5.415588738070041e-05,4.9056726943683464e-05,3.7623971214105073e-07,1.3367633156064359e-07,68.51974298711866
3788,4134,5.3952440797284146e-05,4.912558512530897e-05,3.596281504085834e-07,1.2305741678893426e-07,68.53744384925812
3789,4136,5.3883692364167374e-05,4.9127702181482934e-05,3.5062631483965633e-07,1.2497270342878793e-07,68.56121919117868
3790,4137,5.3699175964849546e-05,4.927391254086814e-05,3.2248880792826715e-07,1.2003753446987338e-07,68.57877947762609
3791,4138,5.3583527000275536e-05,4.9277376352730104e-05,3.1783758715133485e-07,1.1277747760320865e-07,68.59630710165948
3792,4139,5.3488683974531886e-05,4.924298052645275e-05,3.101269913404157e-07,1.1444335346749792e-07,68.61390471179038
3793,4140,5.344474093279062e-05,4.915174292146317e-05,3.182229084040304e-07,1.1107689272871437e-07,68.63144268654287
3794,4141,5.340643698669191e-05,4.9106919477849735e-05,3.2224182780499085e-07,1.0770992307922655e-07,68.64900739490986
3795,4142,5.337366285351706e-05,4.906508789484499e-05,3.2423754086026246e-07,1.066199550069447e-07,68.66699896845967
3796,4143,5.334646515384925e-05,4.90300358112901e-05,3.246044599635053e-07,1.0703847429240965e-07,68.68454263545573
3797,4144,5.331989789594379e-05,4.900611359599313e-05,3.243627245645461e-07,1.0701570543051953e-07,68.70209653954953
3798,4145,5.329958855426127e-05,4.899114152450867e-05,3.20864519837093e-07,1.0998018313816739e-07,68.71961559075862
3799,4146,5.327479010292362e-05,4.899110458758906e-05,3.152701627113155e-07,1.1309838882214021e-07,68.7373565863818
3800,4147,5.32530388035389e-05,4.896963813768863e-05,3.129472167064266e-07,1.1539284987860029e-07,68.75494311843067
3801,4148,5.321603702839965e-05,4.894977869714136e-05,3.095367943298835e-07,1.1708903879594445e-07,68.77250371314585
3802,4149,5.317032490115915e-05,4.891378041107331e-05,3.0929482643374987e-07,1.1635962257483449e-07,68.79018948227167
3803,4150,5.312885550176205e-05,4.885368681381851e-05,3.127336143330413e-07,1.1478325446131256e-07,68.80772005021572
3804,4151,5.3086154962692404e-05,4.8784544121727234e-05,3.160587919394835e-07,1.1410229215703369e-07,68.82578140683472
3805,4152,5.3022892785466596e-05,4.869686506744296e-05,3.2433133901154223e-07,1.0827143279082102e-07,68.84330148436129
3806,4153,5.296974222249888e-05,4.860366831072397e-05,3.291193635372792e-07,1.0748802764021229e-07,68.86085528321564
3807,4155,5.293975436132893e-05,4.85484912322976e-05,3.299836093301388e-07,1.0914270357299429e-07,68.88449290301651
3808,4156,5.289234844034973e-05,4.8516757132923835e-05,3.2872810556690635e-07,1.0883102517568287e-07,68.90296320151538
3809,4157,5.2868521082209645e-05,4.8465441621149634e-05,3.267754804008684e-07,1.135324657051327e-07,68.92051867954433
3810,4158,5.284926374821818e-05,4.8440010611903904e-05,3.2671965927880945e-07,1.1420565435261767e-07,68.93821802549064
3811,4159,5.2837085210499405e-05,4.8445166425993654e-05,3.2634384444011617e-07,1.1284803401045917e-07,68.9558271355927
3812,4160,5.282730498675069e-05,4.842231837139603e-05,3.2748009601319423e-07,1.1301856552227173e-07,68.97339486144483
3813,4161,5.281671810532843e-05,4.840530692800928e-05,3.2628285254895586e-07,1.1485826518295921e-07,68.9909589542076
3814,4162,5.279931239902793e-05,4.8385502416645476e-05,3.2379282470710246e-07,1.1758817353114362e-07,69.00852357689291
3815,4163,5.2791398747597946e-05,4.83658189635981e-05,3.165690701502446e-07,1.2598890824974056e-07,69.02613822836429
3816,4164,5.2757564694039e-05,4.8357790261712505e-05,3.157413092442344e-07,1.2423613398841546e-07,69.04421001859009
3817,4165,5.27396505275062e-05,4.8362935431651046e-05,3.1562283941435803e-07,1.2204867017115805e-07,69.06192383076996
3818,4166,5.272027688137715e-05,4.8382174168324835e-05,3.123591175718675e-07,1.214511537333641e-07,69.07949277665466
3819,4167,5.271784536049324e-05,4.83968762435289e-05,3.150605124316998e-07,1.1703639926473428e-07,69.0970691088587
3820,4168,5.270864963693737e-05,4.835364943460907e-05,3.151180849178029e-07,1.2038193531502643e-07,69.11470159888268
3821,4169,5.268538876490672e-05,4.838293625844863e-05,3.0936730288000474e-07,1.2087794776580463e-07,69.13219317421317
3822,4170,5.266954876698307e-05,4.836932385058973e-05,3.128977038306246e-07,1.1712478780870929e-07,69.14975126460195
3823,4171,5.265012077093338e-05,4.8366163535911034e-05,3.153845735945373e-07,1.13011149907697e-07,69.16734745912254
3824,4172,5.2636496613779344e-05,4.835364997507399e-05,3.164588232825249e-07,1.1182584058801042e-07,69.18504593055695
3825,4173,5.2624407761963954e-05,4.833610629044215e-05,3.1706857694764515e-07,1.1176157020453555e-07,69.20264564920217
3826,4174,5.2612170815177944e-05,4.8316886042575454e-05,3.1598060073114514e-07,1.135478765291039e-07,69.2201759815216
3827,4175,5.2596453629122285e-05,4.8280335492271095e-05,3.156329493752477e-07,1.1597886430987162e-07,69.23785139247775
3828,4176,5.258159509224727e-05,4.825804952172982e-05,3.1504502016266304e-07,1.1730953688908225e-07,69.25538876466453
3829,4177,5.2570658905561704e-05,4.8250379371241365e-05,3.1431935254798093e-07,1.1770860088405347e-07,69.2729533566162
3830,4178,5.256346641847821e-05,4.823977279873446e-05,3.1635363829154483e-07,1.160157236828301e-07,69.29045867919922
3831,4179,5.255715400472141e-05,4.825208150828483e-05,3.1507974621091874e-07,1.154275034327397e-07,69.30803686659783
3832,4180,5.2551770232067666e-05,4.825721453826859e-05,3.1531876819612606e-07,1.1413680118378154e-07,69.32566943671554
3833,4181,5.254743939863181e-05,4.82592203999262e-05,3.14731971415309e-07,1.1408992845525201e-07,69.34325723256916
3834,4182,5.254483451660462e-05,4.825580070456324e-05,3.1473822064087235e-07,1.1416516056326562e-07,69.36079199332744
3835,4183,5.254282545477199e-05,4.8248602369194634e-05,3.151716899243187e-07,1.1425061863341685e-07,69.37838600482792
3836,4184,5.2540800927194706e-05,4.8239179343249544e-05,3.159507918722434e-07,1.1421136652227222e-07,69.3959248168394
3837,4185,5.253889110742589e-05,4.823178281705832e-05,3.1669446626102243e-07,1.1401636277573437e-07,69.41422579064965
3838,4186,5.253620980909006e-05,4.8222901733277356e-05,3.1757229858249977e-07,1.1375850899877003e-07,69.4317463003099
3839,4187,5.2532808673600845e-05,4.82159035745441e-05,3.1796157121200955e-07,1.1372893869366466e-07,69.45033651124686
3840,4188,5.253183213723266e-05,4.8194078265605923e-05,3.195349828520048e-07,1.1424040431066882e-07,69.46791884489357
3841,4189,5.252267629266026e-05,4.8194540506715055e-05,3.1882371498560083e-07,1.1398986360891989e-07,69.48542325850576
3842,4190,5.251693242535053e-05,4.8192300616863835e-05,3.179473826568186e-07,1.1451579819185053e-07,69.50301795639098
3843,4191,5.250904194149612e-05,4.818664164302945e-05,3.179400122851446e-07,1.1430001756152235e-07,69.52060388121754
3844,4192,5.250560370484822e-05,4.817487212757317e-05,3.190086407113126e-07,1.1406451701619138e-07,69.53829908091575
3845,4193,5.250250601289072e-05,4.8189372707387036e-05,3.195342409206382e-07,1.1177908962972992e-07,69.55585958156735
3846,4194,5.249856740041048e-05,4.8180823583945965e-05,3.2010330508125654e-07,1.1167107656519501e-07,69.57343221548945
3847,4195,5.249251793023447e-05,4.817612381142288e-05,3.217164245598216e-07,1.0992298732133785e-07,69.59098511468619
3848,4196,5.2482374292959036e-05,4.817006691620838e-05,3.240092583821392e-07,1.0722147929292674e-07,69.60852359328419
3849,4197,5.2471699167462444e-05,4.8161755941393556e-05,3.2534822170719796e-07,1.0564610089969019e-07,69.62610427569598
3850,4198,5.2449838395607e-05,4.8143994462822714e-05,3.2813260315204557e-07,1.0245179012638318e-07,69.6436955658719
3851,4199,5.243073615256668e-05,4.812120438667023e-05,3.2981422425241485e-07,1.0113895233722976e-07,69.66127913817763
3852,4200,5.241533903893761e-05,4.8105311347807874e-05,3.3229288742561e-07,9.87098816873636e-08,69.67882522661239
3853,4201,5.2400189192246274e-05,4.809735848677385e-05,3.329862146086804e-07,9.72968559385618e-08,69.69637852348387
3854,4202,5.2392004336756597e-05,4.810322643126839e-05,3.3193242135917376e-07,9.694536918964656e-08,69.71389173623174
3855,4203,5.238474097433688e-05,4.810516781562544e-05,3.310054563375322e-07,9.695185953361212e-08,69.73157104663551
3856,4204,5.2377735382433364e-05,4.8101149692864325e-05,3.317417105495832e-07,9.591685840732119e-08,69.74909918848425
3857,4205,5.23718888789731e-05,4.809879135814368e-05,3.3090178100999073e-07,9.640797107295106e-08,69.76685578376055
3858,4206,5.2356479228668174e-05,4.806707825279788e-05,3.333904347621139e-07,9.554966282491567e-08,69.78440312668681
3859,4207,5.234200589754992e-05,4.8016232982659135e-05,3.3598165410065106e-07,9.659563738842756e-08,69.80196773447096
3860,4208,5.232586719106005e-05,4.797563152972416e-05,3.374556241638806e-07,9.75679419697084e-08,69.81957908347249
3861,4209,5.23023292765799e-05,4.792638033715141e-05,3.37303341530561e-07,1.0029155241228814e-07,69.83778650034219
3862,4210,5.228104666941187e-05,4.788616171911924e-05,3.3650271361601283e-07,1.0298578141325056e-07,69.8551847236231
3863,4211,5.225363097226146e-05,4.7864104749687813e-05,3.3448630596015517e-07,1.0446631629720971e-07,69.87271081656218
3864,4212,5.220477582844105e-05,4.782822581735333e-05,3.326345382962033e-07,1.0502046281256858e-07,69.8902712566778
3865,4213,5.217249310700915e-05,4.779058992532003e-05,3.339977005403871e-07,1.0419261762852529e-07,69.90779408533126
3866,4214,5.215145773874725e-05,4.773811044397086e-05,3.3985128831722504e-07,1.0148344116041398e-07,69.92532900348306
3867,4215,5.2108939518174315e-05,4.768719355457479e-05,3.4354095639175294e-07,9.863363996819954e-08,69.94295842852443
3868,4216,5.208921940169274e-05,4.7642019587044384e-05,3.452118786609592e-07,9.950810280387661e-08,69.96062355302274
3869,4217,5.2065109414381035e-05,4.755554330274576e-05,3.514057855245046e-07,9.95508256390234e-08,69.97820176742971
3870,4219,5.204420403384635e-05,4.753096732349311e-05,3.526956870728346e-07,9.862798396248987e-08,70.00191146880388
3871,4220,5.201099901031e-05,4.745805273108099e-05,3.556095739358295e-07,9.968505398707169e-08,70.01957997865975
3872,4221,5.1985630584082866e-05,4.742145953375866e-05,3.575478913188485e-07,9.886921371357202e-08,70.0371779864654
3873,4222,5.19615733020658e-05,4.743536426575945e-05,3.551266464338346e-07,9.749425719680029e-08,70.05471418146044
3874,4223,5.194836267889801e-05,4.741785229751412e-05,3.5276028367420303e-07,1.002907544641865e-07,70.07265351805836
3875,4224,5.1937035747028704e-05,4.741625618583976e-05,3.536281091116735e-07,9.844984700722057e-08,70.09099438320845
3876,4225,5.192850425416154e-05,4.741348203185954e-05,3.528552159199766e-07,9.864700631022294e-08,70.10972753819078
3877,4226,5.192010029421456e-05,4.740230435938357e-05,3.532078209178953e-07,9.857177256520352e-08,70.12731912080199
3878,4227,5.190274978241235e-05,4.7364455804614805e-05,3.5413283209692795e-07,9.969656568282658e-08,70.14487110916525
3879,4228,5.188441863531102e-05,4.733609312813199e-05,3.5432482409120384e-07,1.0050772662669846e-07,70.16236345190555
3880,4229,5.1861957312140553e-05,4.727871690846989e-05,3.573935492016039e-07,1.0093049116546211e-07,70.1799011155963
3881,4230,5.183703055284199e-05,4.726919401385246e-05,3.5649372217303214e-07,1.0028993172592129e-07,70.19743115082383
3882,4231,5.1813958250761455e-05,4.7244454397296066e-05,3.6114197241574174e-07,9.580841293079698e-08,70.21499673649669
3883,4232,5.1795632646027106e-05,4.723833232619423e-05,3.625712218340343e-07,9.315881014925368e-08,70.23252937942743
3884,4233,5.178393117729445e-05,4.725709981645414e-05,3.593355616299996e-07,9.334757445403114e-08,70.25011209584773
3885,4234,5.1774960889461175e-05,4.724795594794963e-05,3.571917421328875e-07,9.550875201826723e-08,70.26782836392522
3886,4235,5.1771042288722054e-05,4.723469479274038e-05,3.588264700335199e-07,9.48082795646479e-08,70.28535385150462
3887,4236,5.17547783043012e-05,4.722733337294807e-05,3.586894475703736e-07,9.405504556493967e-08,70.30294893216342
3888,4237,5.174253738481363e-05,4.7193078442222526e-05,3.591067995845231e-07,9.583909467458736e-08,70.32053438201547
3889,4238,5.1731183891552e-05,4.7156489712075504e-05,3.6079860490152863e-07,9.667081304612107e-08,70.33817777503282
3890,4239,5.1720567938690576e-05,4.7126207774247645e-05,3.60749733738058e-07,9.868628270623483e-08,70.35577443335205
3891,4240,5.170684210084868e-05,4.7084332473598665e-05,3.61856857568537e-07,1.0039410515646422e-07,70.37376838736236
3892,4241,5.169043587753925e-05,4.7056112079944004e-05,3.59684664270085e-07,1.0374771548943976e-07,70.39116348139942
3893,4242,5.167471425092259e-05,4.7012476438754636e-05,3.609612297238525e-07,1.0526255149294262e-07,70.40873067360371
3894,4243,5.1658725333891134e-05,4.697954351386494e-05,3.6090109019703547e-07,1.0701709180558376e-07,70.42667277250439
3895,4244,5.16450201435803e-05,4.6940347710742124e-05,3.617059693911029e-07,1.087612738927147e-07,70.44473529048264
3896,4245,5.163496973057271e-05,4.690380957742076e-05,3.646601459089526e-07,1.0845586940624219e-07,70.46227375417948
3897,4246,5.162133062928594e-05,4.6901711935106026e-05,3.636279314090209e-07,1.0833393800896977e-07,70.47992998734117
3898,4247,5.161407020936798e-05,4.689204059869601e-05,3.6453168204824065e-07,1.0767127901895582e-07,70.49749816581607
3899,4248,5.160696771690612e-05,4.6876208898027745e-05,3.6526178692495055e-07,1.0781409496288719e-07,70.51506041828543
3900,4249,5.15975114572349e-05,4.6850730432965096e-05,3.6505667272088095e-07,1.0962142970609943e-07,70.532635464333
3901,4250,5.158477454961195e-05,4.680419817363744e-05,3.6671606802067043e-07,1.113415695767802e-07,70.55017886403948
3902,4251,5.157587014228819e-05,4.676559190570818e-05,3.641540437964978e-07,1.1687377986150373e-07,70.567831014283
3903,4252,5.156182058405792e-05,4.6713046492761414e-05,3.6645164195429064e-07,1.1842576717535985e-07,70.58533985447139
3904,4253,5.154892602653079e-05,4.669971379388703e-05,3.6857512628981167e-07,1.1634609697456401e-07,70.6028572190553
3905,4254,5.152682780924543e-05,4.6661909720526414e-05,3.7071673673007204e-07,1.1577507214182925e-07,70.62044551689178
3906,4255,5.151452243931763e-05,4.6638076508444114e-05,3.724143333744067e-07,1.1523025971294519e-07,70.63809264823794
3907,4256,5.150082831574654e-05,4.657834666371502e-05,3.736152095189653e-07,1.1863295568418636e-07,70.65637054573745
3908,4257,5.148744177457112e-05,4.6532418377675374e-05,3.7474251400631934e-07,1.207598256832552e-07,70.6743125943467
3909,4258,5.147387346606635e-05,4.64989941199292e-05,3.7476876132854255e-07,1.227191732851725e-07,70.69184013549238
3910,4259,5.1461214593406935e-05,4.648962471547152e-05,3.720101552200943e-07,1.251488325734466e-07,70.70935878902674
3911,4262,5.145713259736921e-05,4.646587926206505e-05,3.7412332867746523e-07,1.2500200485295054e-07,70.7393487105146
3912,4263,5.1437846421267e-05,4.646879092354797e-05,3.734259439429451e-07,1.234796058289581e-07,70.7568968264386
3913,4264,5.140506920035956e-05,4.647598290187795e-05,3.7500763382737925e-07,1.1790099602078218e-07,70.77442085184157
3914,4265,5.1381806016756866e-05,4.648636995864366e-05,3.736664891922453e-07,1.1587711661907577e-07,70.79200015217066
3915,4266,5.134224286625782e-05,4.643649245171109e-05,3.761122342418942e-07,1.1446280721277896e-07,70.80951529648155
3916,4267,5.1297312361702056e-05,4.638561505731376e-05,3.7555200785797526e-07,1.1561772258085482e-07,70.82705318368971
3917,4268,5.126537927944282e-05,4.629442006934521e-05,3.786879466343141e-07,1.1840797437544686e-07,70.84466609079391
3918,4269,5.122101803913556e-05,4.620242681476583e-05,3.8040567136398755e-07,1.214534510729849e-07,70.86221692990512
3919,4270,5.118862299795079e-05,4.6122666824414564e-05,3.820160456491978e-07,1.245795717044249e-07,70.880651043728
3920,4271,5.112394415648936e-05,4.590254567320093e-05,3.9566466228226103e-07,1.264751860465818e-07,70.89804629981518
3921,4272,5.1039281864170917e-05,4.583556173668486e-05,3.95710994665709e-07,1.2466101808289678e-07,70.91558075323701
3922,4273,5.088360664169508e-05,4.572596284389748e-05,3.962034515623255e-07,1.1956092821743486e-07,70.93310602381825
3923,4275,5.0711967236263145e-05,4.553278971947809e-05,3.9902560999882676e-07,1.1889214167967861e-07,70.95714263338596
3924,4277,5.053401889608348e-05,4.5338375097379784e-05,3.872891736627465e-07,1.3227520620762254e-07,70.98119404353201
3925,4279,5.043497823420715e-05,4.5174238942453915e-05,3.825181385497519e-07,1.4355579062557176e-07,71.00484853424132
3926,4280,5.026462381788769e-05,4.480358508907803e-05,3.96426787971651e-07,1.496770849093156e-07,71.02255446370691
3927,4282,5.009929256970521e-05,4.46834521643246e-05,3.9309150278641364e-07,1.4849253775164708e-07,71.04703032411635
3928,4284,4.9980003383921337e-05,4.452133802335125e-05,3.938110649909519e-07,1.52055471066057e-07,71.07076668180525
3929,4286,4.991097386355502e-05,4.4505766959916124e-05,3.949429503474956e-07,1.4557774001639423e-07,71.09438178222626
3930,4288,4.979354897994557e-05,4.4347109705267996e-05,4.039499545712428e-07,1.4069397289651506e-07,71.11817981954664
3931,4290,4.9720026073412545e-05,4.42513879495319e-05,3.9189805489179757e-07,1.5496575749626674e-07,71.14189326576889
3932,4291,4.96648993934103e-05,4.392235615976001e-05,4.0036951688447416e-07,1.738848064805554e-07,71.1594715565443
3933,4292,4.955866880315375e-05,4.377342585663218e-05,4.083338212823416e-07,1.7019047336981523e-07,71.17699781805277
3934,4294,4.948093949605526e-05,4.372019913087146e-05,4.0911798153456803e-07,1.6695605498381155e-07,71.20056686364114
3935,4295,4.940133966168555e-05,4.363646208333293e-05,4.0779527812917137e-07,1.6869247970609106e-07,71.21814843360335
3936,4296,4.932224702419185e-05,4.3473915020685824e-05,4.0534052309409207e-07,1.7949267725651056e-07,71.23571879602969
3937,4297,4.924955493378546e-05,4.32769835794214e-05,4.070512310429262e-07,1.902059043934807e-07,71.25339906290174
3938,4298,4.9208382275516594e-05,4.3138189798873456e-05,4.060561369652995e-07,2.009631106990141e-07,71.27105084620416
3939,4299,4.912872523483031e-05,4.307836411310018e-05,4.0389535392375157e-07,2.0114075824926076e-07,71.28855440672487
3940,4300,4.907775705608154e-05,4.3081525917806954e-05,3.9942870163951805e-07,2.0019441218794095e-07,71.30610251240432
3941,4301,4.9017522896786195e-05,4.2999148529019094e-05,3.9815989202551956e-07,2.0367754475119092e-07,71.32365956436843
3942,4302,4.89259365124967e-05,4.3023503912268884e-05,3.891869537902451e-07,2.0105630623253624e-07,71.34130323212594
3943,4303,4.8851770569569094e-05,4.2875956863034315e-05,3.9168647721538456e-07,2.0589489343809382e-07,71.35884737968445
3944,4304,4.8763886119770104e-05,4.2723148070670766e-05,3.870788642273224e-07,2.1699494068261142e-07,71.37639583088458
3945,4305,4.865444184758581e-05,4.248740613997708e-05,4.0064223006337194e-07,2.1606134069750088e-07,71.3939757058397
3946,4307,4.858132414526481e-05,4.2365448611170285e-05,3.953944159366874e-07,2.2619313747276497e-07,71.41764398571104
3947,4309,4.8506043554633444e-05,4.2146349439553613e-05,4.0489185411643476e-07,2.310775573915485e-07,71.44140195380896
3948,4311,4.845261679925219e-05,4.203787430550715e-05,4.0910681187407735e-07,2.3236743750042656e-07,71.46509791817516
3949,4313,4.840547079073753e-05,4.198413644198829e-05,4.13766569154936e-07,2.28366865719988e-07,71.48875760380179
3950,4314,4.83694769385949e-05,4.197413942862204e-05,4.055990269161834e-07,2.3393472408110257e-07,71.50632071122527
3951,4315,4.8343114262160735e-05,4.192447277703192e-05,3.971562331308254e-07,2.447079153820561e-07,71.52400859352201
3952,4316,4.831092787651306e-05,4.1871860592999464e-05,4.051709979585328e-07,2.387357303928267e-07,71.54169554635882
3953,4318,4.8290264391805074e-05,4.17927438523464e-05,4.156994273496834e-07,2.3405262659618422e-07,71.56535948161036
3954,4319,4.823435346418831e-05,4.165571889453636e-05,4.209449589101675e-07,2.3691849805502684e-07,71.58290442917496
3955,4320,4.815883454820442e-05,4.1543185113837885e-05,4.2376023347793175e-07,2.3780470995872214e-07,71.60043305903673
3956,4321,4.813280869985809e-05,4.1360124278156577e-05,4.3718386621520095e-07,2.4008457595495055e-07,71.61803422868252
3957,4322,4.808820573480428e-05,4.1363256483508575e-05,4.2595874600276497e-07,2.465361791268058e-07,71.635632048361
3958,4323,4.802400748613075e-05,4.1361450257380526e-05,4.289212324540959e-07,2.3733449042092622e-07,71.65316321048886
3959,4324,4.797023564894898e-05,4.128716940985592e-05,4.327327698751212e-07,2.355738540341848e-07,71.67085204273462
3960,4325,4.789073023045703e-05,4.1110357045696825e-05,4.437110973305698e-07,2.343262211454506e-07,71.68838182184845
3961,4326,4.775344240145945e-05,4.0835337787327546e-05,4.5381673681424503e-07,2.379937245989456e-07,71.70593302417547
3962,4327,4.7658981523270365e-05,4.0638649015919715e-05,4.6754868033270486e-07,2.344845704023601e-07,71.7239150442183
3963,4328,4.754761423597541e-05,4.0548935173597535e-05,4.655068283242206e-07,2.343610779135662e-07,71.7415541736409
3964,4329,4.7422365091435925e-05,4.0391693871968685e-05,4.672391843505482e-07,2.3582793759617593e-07,71.75914322678
3965,4330,4.733272767577535e-05,4.040064904113132e-05,4.5249777064013993e-07,2.4071009282426317e-07,71.77672930620611
3966,4331,4.721294128205862e-05,4.039038494015715e-05,4.4755468573044125e-07,2.3470094845970585e-07,71.79426543228328
3967,4332,4.707240265303035e-05,4.051537058096631e-05,4.3561021740823945e-07,2.2009298979816386e-07,71.81185626611114
3968,4333,4.70143577102681e-05,4.054035033045689e-05,4.2348830427222927e-07,2.2391243370889112e-07,71.82943280600011
3969,4334,4.693596185850065e-05,4.056223430678885e-05,4.218495948736356e-07,2.1552316029754408e-07,71.84696036670357
3970,4335,4.6794405580301406e-05,4.050923344951968e-05,4.205726076504353e-07,2.0794460542773742e-07,71.8644640641287
3971,4336,4.67041760985975e-05,4.040376237635755e-05,4.229889029315218e-07,2.0705246929247322e-07,71.88199763000011
3972,4337,4.658668048403739e-05,4.01966188270693e-05,4.327641694163783e-07,2.0624199628043102e-07,71.89952647779137
3973,4338,4.6410608861727215e-05,3.9930401429431124e-05,4.4967257453743393e-07,1.9834816869217542e-07,71.91745690535754
3974,4339,4.637695798342542e-05,3.997145395164846e-05,4.3912099644491156e-07,2.014294067327837e-07,71.93505793437362
3975,4340,4.616309000658418e-05,3.979508884724411e-05,4.504540043530779e-07,1.8634611158092902e-07,71.95273088477552
3976,4341,4.6108107136766547e-05,3.968581613270942e-05,4.632447801210105e-07,1.7898432028470205e-07,71.97044908255339
3977,4342,4.609825250691801e-05,3.9706503056002876e-05,4.6737146964822957e-07,1.718034754432838e-07,71.98808033578098
3978,4343,4.6060436939713926e-05,3.971502210036863e-05,4.645979954087414e-07,1.6994348852578847e-07,72.00565841328353
3979,4344,4.600436959559565e-05,3.966969808028753e-05,4.558345130779036e-07,1.7763263845290896e-07,72.0233514495194
3980,4345,4.59787984570268e-05,3.965927991012778e-05,4.5677595891673274e-07,1.7517589577316945e-07,72.04104494862258
3981,4346,4.593282018327644e-05,3.966708950131417e-05,4.495952237874283e-07,1.769778444087985e-07,72.05864146910608
3982,4347,4.5916908834974155e-05,3.968012614517567e-05,4.450804379803707e-07,1.7859783099947817e-07,72.07753344532102
3983,4348,4.589926362440976e-05,3.969589104508059e-05,4.4209277629070967e-07,1.7824448164220764e-07,72.09509402513504
3984,4349,4.5884095139741466e-05,3.969718007896822e-05,4.3897850970838273e-07,1.7971299636894143e-07,72.11261695250869
3985,4350,4.58704708428156e-05,3.971325747701949e-05,4.4045761827277537e-07,1.752637183068355e-07,72.13022360671312
3986,4351,4.5861003952452135e-05,3.9695358015061335e-05,4.4141336314402403e-07,1.7515123059505594e-07,72.14780119247735
3987,4352,4.585433666453039e-05,3.967359773385358e-05,4.3922999949513125e-07,1.7884389357254956e-07,72.16533856280148
3988,4353,4.584432729222475e-05,3.966146403932312e-05,4.411125485817916e-07,1.7717377670837218e-07,72.18287673406303
3989,4354,4.583590745191597e-05,3.9645735405012905e-05,4.426641786619152e-07,1.7635302602839144e-07,72.20040057972074
3990,4355,4.582695897802144e-05,3.9615878534148905e-05,4.4369372531865404e-07,1.7741431906859942e-07,72.21793052740395
3991,4356,4.581442973848604e-05,3.957860348243383e-05,4.4445775298501143e-07,1.791248726202095e-07,72.23544210009277
3992,4357,4.579895694622081e-05,3.953639527517527e-05,4.4386285413591314e-07,1.823933129686405e-07,72.25386797450483
3993,4358,4.5782264274657974e-05,3.949353685302911e-05,4.435748879892158e-07,1.852978541736704e-07,72.27198264561594
3994,4359,4.576299192779247e-05,3.946888459470311e-05,4.3952744263508127e-07,1.8988329067385502e-07,72.28956050891429
3995,4360,4.574179910381205e-05,3.9432616130349585e-05,4.3949102865758047e-07,1.9142726868866662e-07,72.30724979192019
3996,4361,4.571094665130725e-05,3.9398458012532405e-05,4.3822312060057283e-07,1.9302574327691142e-07,72.32492854073644
3997,4362,4.568332622681202e-05,3.941795623540728e-05,4.342552718524223e-07,1.9228172728805152e-07,72.34316144511104
3998,4364,4.566475738219212e-05,3.940375067902904e-05,4.3045775642084087e-07,1.9564291389546767e-07,72.36696134321392
3999,4365,4.564036490748448e-05,3.939558480071938e-05,4.2867250480841075e-07,1.9580550586809998e-07,72.38466285541654
4000,4366,4.5611431248878426e-05,3.940234520098589e-05,4.254392294086353e-07,1.9546937538061807e-07,72.40227193944156
4001,4368,4.5589647170539144e-05,3.938610219745e-05,4.271367659072376e-07,1.9321773140167674e-07,72.42461002059281
4002,4369,4.556921705461932e-05,3.93953507519524e-05,4.2707025529345006e-07,1.903163749732415e-07,72.44157628528774
4003,4370,4.5554725748396856e-05,3.939185463411379e-05,4.309535433781005e-07,1.853335680502054e-07,72.458395736292
4004,4371,4.55405200491706e-05,3.942135898003069e-05,4.2973857352741464e-07,1.821775333865754e-07,72.47539116814733
4005,4372,4.5522939052815504e-05,3.947635740613132e-05,4.2397561793366e-07,1.8068254673475838e-07,72.49225394334644
4006,4373,4.55151629894572e-05,3.952248738970525e-05,4.2244210921438556e-07,1.7682545076080977e-07,72.50915917288512
4007,4374,4.549938322841523e-05,3.950429183760001e-05,4.20357106752069e-07,1.791520323294526e-07,72.52613445557654
4008,4375,4.548442062357239e-05,3.9472359428732624e-05,4.1807586013238914e-07,1.8313025935158767e-07,72.54317842703313
4009,4376,4.546988968627988e-05,3.94272213395215e-05,4.180332978200219e-07,1.862335368558161e-07,72.56014343351126
4010,4377,4.544467061527571e-05,3.9358597634636486e-05,4.1603750577822376e-07,1.9256979228569815e-07,72.57718388270587
4011,4378,4.5425886451267275e-05,3.928372524952757e-05,4.18980574962452e-07,1.9523554521151835e-07,72.59419495332986
4012,4379,4.540857177645199e-05,3.925473153780569e-05,4.1680463511108366e-07,1.9857938875354632e-07,72.61125472467393
4013,4380,4.539052172811054e-05,3.92326726174403e-05,4.194921533242899e-07,1.9629275774273414e-07,72.62832659110427
4014,4381,4.53669393474664e-05,3.9221824373277686e-05,4.2135948521490374e-07,1.9315201220396733e-07,72.64548816159368
4015,4382,4.534693767366668e-05,3.926264394146925e-05,4.207657112547685e-07,1.8766366196497473e-07,72.66310248617083
4016,4383,4.533046897537713e-05,3.9284278884470644e-05,4.1947033430634077e-07,1.8514867478430764e-07,72.68014959152788
4017,4384,4.53180414435931e-05,3.930922569778846e-05,4.176442708883453e-07,1.8323730369211907e-07,72.6972887814045
4018,4385,4.530559660890253e-05,3.9329238082432684e-05,4.1541574604270107e-07,1.8222010660428362e-07,72.71456469688565
4019,4386,4.528823573885189e-05,3.933047049708172e-05,4.1311480607817933e-07,1.826617180988378e-07,72.73180601373315
4020,4387,4.5255291447208326e-05,3.9345022395045376e-05,4.1014915248705506e-07,1.8087775272924022e-07,72.75009190104902
4021,4389,4.523981613236502e-05,3.935793131879349e-05,4.0723534058888846e-07,1.8095314076826542e-07,72.77355732116848
4022,4390,4.520736854119585e-05,3.936060801517541e-05,4.0221961932718734e-07,1.82456433274857e-07,72.79092612024397
4023,4392,4.518426793248094e-05,3.936509525309143e-05,4.037717185408447e-07,1.7814554939810643e-07,72.81508030835539
4024,4393,4.5158585321465724e-05,3.93805843616227e-05,4.0253715559896517e-07,1.7526294038533675e-07,72.83246645890176
4025,4394,4.514245485660666e-05,3.938965135332834e-05,3.9708253551279183e-07,1.7819781481504028e-07,72.84990330412984
4026,4395,4.5126330258099915e-05,3.9375142310554415e-05,3.988744831142286e-07,1.7624431164032116e-07,72.86733501963317
4027,4396,4.5110555409658796e-05,3.933264679731707e-05,4.0074924756412226e-07,1.7704161367005e-07,72.88480258453637
4028,4397,4.508153560654484e-05,3.924137490449958e-05,4.044413327186606e-07,1.795747374858651e-07,72.90235284809023
4029,4398,4.505768867717772e-05,3.9144540847699136e-05,4.0495996642138013e-07,1.863548165264784e-07,72.91987519152462
4030,4399,4.502438894092885e-05,3.905877731513406e-05,4.063023990996945e-07,1.9025876347978463e-07,72.93744254484773
4031,4400,4.497774812361405e-05,3.89545872431762e-05,4.0563140482248204e-07,1.9668468322130314e-07,72.95510585792363
4032,4401,4.4921673489415996e-05,3.884078901174144e-05,4.034207721440132e-07,2.046676756234422e-07,72.97280113957822
4033,4403,4.4885097486429934e-05,3.878836289665205e-05,4.052298461099524e-07,2.0444361286783578e-07,72.99695680476725
4034,4404,4.483052547344122e-05,3.878320587979761e-05,4.0145260378353666e-07,2.0327935558082388e-07,73.01457223668694
4035,4405,4.47772104216171e-05,3.875130944516287e-05,4.0175219252060616e-07,2.0083790512481736e-07,73.03214377630502
4036,4406,4.473161819116596e-05,3.8727148064619854e-05,4.0565354836145266e-07,1.9479346429315768e-07,73.05004563275725
4037,4407,4.466244350371673e-05,3.8650490007360755e-05,4.081192796351909e-07,1.9307607000040686e-07,73.06758214533329
4038,4408,4.4572024522669566e-05,3.8542359969574e-05,4.1412512867180314e-07,1.888413266377536e-07,73.0851212721318
4039,4410,4.452782470591778e-05,3.853873953025105e-05,4.1380693931089056e-07,1.851015782557825e-07,73.1091558681801
4040,4411,4.446314423661881e-05,3.848498976308994e-05,4.0818528898142495e-07,1.8963015837146172e-07,73.12692697905004
4041,4412,4.440884263976269e-05,3.849801792127393e-05,4.039755052957478e-07,1.8710696655312818e-07,73.14459189865738
4042,4413,4.435779523662927e-05,3.85015197973024e-05,3.995370775440252e-07,1.860904663886612e-07,73.16212295927107
4043,4414,4.4332965446639716e-05,3.8549115144149274e-05,3.843148126075221e-07,1.9407021764152238e-07,73.17968473769724
4044,4415,4.424220747834406e-05,3.852455248913711e-05,3.849650212195724e-07,1.8680047770112378e-07,73.19756441283971
4045,4416,4.420909267557985e-05,3.846611527507398e-05,3.965291552212024e-07,1.7776858482938455e-07,73.21511564683169
4046,4417,4.417329897921964e-05,3.8523406026287655e-05,3.896855989032711e-07,1.753036963899278e-07,73.23263213317841
4047,4418,4.4127351112225855e-05,3.854283063894194e-05,3.8566500365148794e-07,1.727870436769033e-07,73.25017287768424
4048,4419,4.409620868660618e-05,3.856904626140144e-05,3.8834594295139143e-07,1.64370299569083e-07,73.26769064366817
4049,4420,4.408067655259994e-05,3.8555069459176975e-05,3.924937660046411e-07,1.6006694333765495e-07,73.2852452415973
4050,4421,4.404946479995225e-05,3.852447032036218e-05,3.9550131984922516e-07,1.5699812810978196e-07,73.30280574411154
4051,4422,4.4031952233738454e-05,3.8514574152291795e-05,3.921038629381848e-07,1.596339452064811e-07,73.32035982981324
4052,4423,4.4003063000945225e-05,3.845915655133548e-05,3.917962866515239e-07,1.6259435830945013e-07,73.33798694424331
4053,4424,4.395802876341851e-05,3.838905291592981e-05,3.9099886245701106e-07,1.6589872229185848e-07,73.35547469742596
4054,4425,4.391148013549341e-05,3.828894009151074e-05,3.936469358439524e-07,1.686070685543152e-07,73.37309124786407
4055,4426,4.384243856457153e-05,3.8205334632369805e-05,3.967920610047442e-07,1.6691833221542846e-07,73.3905980605632
4056,4427,4.377273195843806e-05,3.8160882248116116e-05,4.052180182719506e-07,1.5596695276024393e-07,73.40811523143202
4057,4428,4.375226850149019e-05,3.8176106765827965e-05,4.085006685679126e-07,1.491155049983099e-07,73.42564177047461
4058,4429,4.3707962565195614e-05,3.8147668524888746e-05,4.1350891500045447e-07,1.4252048903023202e-07,73.44373944401741
4059,4430,4.368492120999207e-05,3.812138396112214e-05,4.1451728991569094e-07,1.4183643497130175e-07,73.46166122052819
4060,4431,4.365774179214274e-05,3.8124687999924646e-05,4.094063544274291e-07,1.4389902479437986e-07,73.4794008480385
4061,4432,4.363374485245983e-05,3.812898133935904e-05,4.094701261349551e-07,1.4100622517512354e-07,73.49691273458302
4062,4433,4.3612662403010964e-05,3.81084682849303e-05,4.079726191130403e-07,1.4244679269502663e-07,73.51432604249567
4063,4434,4.357521480594171e-05,3.8091902323729784e-05,4.055142766303873e-07,1.4281697159080535e-07,73.53182504605502
4064,4435,4.3540227907921295e-05,3.807145928060264e-05,4.0363078672553154e-07,1.4324607600633376e-07,73.54929910320789
4065,4436,4.3500476886971075e-05,3.8056927171898146e-05,4.0101553141609325e-07,1.4333944009119998e-07,73.56680178456008
4066,4437,4.345014019056061e-05,3.8047006895775424e-05,4.025933145344998e-07,1.377200149440187e-07,73.58427393902093
4067,4438,4.339286520352541e-05,3.796461666502521e-05,4.031454044122832e-07,1.3967944943773694e-07,73.60220868792385
4068,4439,4.333507425889983e-05,3.791495393866946e-05,4.065552042865522e-07,1.354568277364843e-07,73.61972073279321
4069,4440,4.326688786711749e-05,3.782348866653733e-05,4.1138615244141894e-07,1.3295376761659643e-07,73.63722397666425
4070,4441,4.3219399661307515e-05,3.774317449278559e-05,4.162422745665978e-07,1.313802422855941e-07,73.6547476882115
4071,4442,4.3141461111823806e-05,3.7639702268097377e-05,4.167656130696564e-07,1.3341027130298663e-07,73.67247336078435
4072,4443,4.306774762363668e-05,3.755605417007468e-05,4.1585518832081143e-07,1.3531415703538793e-07,73.68995422869921
4073,4444,4.297884718101849e-05,3.7515751567723965e-05,4.058091230299394e-07,1.4050043829951275e-07,73.70740887802094
4074,4446,4.292604211969329e-05,3.742563035624466e-05,4.097248203042334e-07,1.4031635604062907e-07,73.73108990862966
4075,4447,4.285286313972526e-05,3.741758565520984e-05,4.058310182219971e-07,1.376967302295449e-07,73.74863256048411
4076,4448,4.272133458504097e-05,3.734560614217941e-05,4.139357022353399e-07,1.2363714205081618e-07,73.7661600112915
4077,4449,4.2630360117402434e-05,3.71545431281723e-05,4.1570893178955165e-07,1.3187276713346177e-07,73.78366557788104
4078,4451,4.2574958324970136e-05,3.7081781418897186e-05,4.166877102470809e-07,1.3262998036021455e-07,73.8072332823649
4079,4452,4.251951203417636e-05,3.707405388422808e-05,4.156634265185216e-07,1.2888238847630662e-07,73.82479398045689
4080,4453,4.246696756454193e-05,3.705525318998249e-05,4.150968220074092e-07,1.2607461544853428e-07,73.84240931551903
4081,4454,4.2457740266157614e-05,3.707505229953546e-05,4.041327335665588e-07,1.3413606309565662e-07,73.8599406182766
4082,4456,4.241500305468973e-05,3.6998475390053414e-05,4.050670325766515e-07,1.365857338869794e-07,73.88364456035197
4083,4457,4.239810996638092e-05,3.703774226809239e-05,4.09539548210513e-07,1.2649722161834097e-07,73.9011472100392
4084,4458,4.2381784140318886e-05,3.700895309978461e-05,4.070575734655049e-07,1.3022553058792325e-07,73.91866993159056
4085,4459,4.2365713778189215e-05,3.697465533129777e-05,4.0621827318201375e-07,1.3288757150713122e-07,73.93620258476585
4086,4460,4.2344893294963045e-05,3.6953091268014356e-05,4.0746040261312925e-07,1.3171980008173972e-07,73.9537562718615
4087,4462,4.23241937046036e-05,3.694972555822794e-05,4.04478237972293e-07,1.3296857666527363e-07,73.97737427707762
4088,4463,4.229471596698027e-05,3.691022623554242e-05,4.098864671546207e-07,1.285625059891633e-07,73.99485676828772
4089,4464,4.225434807879997e-05,3.6836694889526235e-05,4.1718843760239695e-07,1.24576881324976e-07,74.01239449903369
4090,4465,4.220122161987634e-05,3.678014036202256e-05,4.134033167345607e-07,1.2870480905081767e-07,74.02992922533303
4091,4466,4.21591675382454e-05,3.672662531229726e-05,4.113864840831875e-07,1.3186773851162643e-07,74.04746880568564
4092,4467,4.212473249890493e-05,3.675532023860411e-05,4.083514921473219e-07,1.2858973388276013e-07,74.06495648063719
4093,4468,4.210034115094147e-05,3.675844971767324e-05,4.0584899668596736e-07,1.283401466408554e-07,74.0824173828587
4094,4469,4.20738731887909e-05,3.67732757083117e-05,4.046142347441558e-07,1.2544551330376479e-07,74.09987336490303
4095,4470,4.205764756336608e-05,3.676089672253794e-05,4.0648571408370274e-07,1.2318936999911149e-07,74.11738011427224
4096,4471,4.2038753004670566e-05,3.6727284322802914e-05,4.0825354658219086e-07,1.228933216045744e-07,74.13488423731178
4097,4472,4.201456134835004e-05,3.666869074918933e-05,4.117283002983269e-07,1.2285875961774412e-07,74.15238912310451
4098,4473,4.19974447263383e-05,3.6620663956816744e-05,4.1263859508769026e-07,1.2503948186446553e-07,74.1698730327189
4099,4474,4.198156864955891e-05,3.657061952262862e-05,4.114834387776138e-07,1.2961147391541506e-07,74.18787869159132
4100,4475,4.196622394309793e-05,3.651378719614281e-05,4.10413015816227e-07,1.34830658879285e-07,74.2054099580273
4101,4476,4.194940038411569e-05,3.649767269082898e-05,4.0679249363029585e-07,1.3838027569837564e-07,74.2229074575007
4102,4477,4.192748145070189e-05,3.647835103447902e-05,4.052654805759088e-07,1.3964756104637813e-07,74.24041428044438
4103,4479,4.1917694737157836e-05,3.6456390140298565e-05,4.041464577417117e-07,1.419840019442155e-07,74.26400934718549
4104,4481,4.19043629594197e-05,3.646984034385865e-05,4.0049064123835386e-07,1.4296162031775086e-07,74.2875774204731
4105,4482,4.187309114712002e-05,3.6476936804482364e-05,4.003275091551457e-07,1.3928792510861987e-07,74.305065295659
4106,4484,4.184830637356349e-05,3.6430981410253664e-05,4.0259908081347775e-07,1.3913341551750495e-07,74.32866318430752
4107,4485,4.179869752098893e-05,3.64681880295816e-05,4.01220278938501e-07,1.3183067020223153e-07,74.34623620472848
4108,4486,4.175504946015473e-05,3.649733968674577e-05,3.980391509116773e-07,1.2773182642921886e-07,74.36372928507626
4109,4487,4.174488758078173e-05,3.648222331334319e-05,3.997642607760535e-07,1.2650216596780062e-07,74.38124112039804
4110,4488,4.1730603625944065e-05,3.64561049862266e-05,4.0043013725697165e-07,1.2701972671477452e-07,74.39874146692455
4111,4489,4.171785489998017e-05,3.641746867039467e-05,4.0045450991544564e-07,1.2958411304310386e-07,74.41689399071038
4112,4490,4.169915812869157e-05,3.635191187534537e-05,4.010485040872608e-07,1.3367612124735916e-07,74.43440530821681
4113,4491,4.167199707031003e-05,3.627514671508797e-05,4.042045171920457e-07,1.354805183301608e-07,74.45195924863219
4114,4492,4.165427727013977e-05,3.6253411462653764e-05,4.054667651670728e-07,1.346198155815276e-07,74.46943074464798
4115,4493,4.164029519750175e-05,3.6269412123990494e-05,4.0525585484680564e-07,1.318324525043198e-07,74.48698455374688
4116,4494,4.163063876838783e-05,3.6279238747711416e-05,4.0480519082276477e-07,1.3033481124487634e-07,74.50445542484522
4117,4495,4.1619519667051926e-05,3.6284967275030716e-05,4.030418496118432e-07,1.3041338959027796e-07,74.52198149636388
4118,4496,4.1602003986563696e-05,3.628844449013e-05,4.016657941863159e-07,1.2969015545705368e-07,74.5395097155124
4119,4497,4.1585965752066075e-05,3.627831717509749e-05,4.0083294827935657e-07,1.2993190941750136e-07,74.55703944526613
4120,4498,4.156156562610218e-05,3.628247756259744e-05,4.0019445649546526e-07,1.2771434985500887e-07,74.57453511003405
4121,4499,4.153472181419824e-05,3.6276012802362756e-05,3.9923503339338995e-07,1.2663586779015862e-07,74.5920136757195
4122,4500,4.1497969630353134e-05,3.629006776544319e-05,3.970469424170803e-07,1.2374324407391375e-07,74.60948291234672
4123,4501,4.146704362988014e-05,3.6327612649416997e-05,3.922221066527621e-07,1.2172099139355258e-07,74.62706795241684
4124,4502,4.144164747396218e-05,3.6353209862842276e-05,3.884927492286295e-07,1.2035101188336074e-07,74.64469009824097
4125,4503,4.142315386855008e-05,3.635529161761543e-05,3.8413521370503994e-07,1.2265101138842532e-07,74.66219668090343
4126,4504,4.140597837495207e-05,3.63634853264147e-05,3.828777565042159e-07,1.2137154834952143e-07,74.67976602260023
4127,4505,4.138932323784234e-05,3.634029015777663e-05,3.830739333691883e-07,1.2182937463738237e-07,74.69724849238992
4128,4506,4.1374819964229796e-05,3.6336559921596236e-05,3.8205967495263186e-07,1.2176632931072364e-07,74.7147453064099
4129,4507,4.136239467961636e-05,3.634265195424324e-05,3.791704073726771e-07,1.228038651646355e-07,74.73221990931779
4130,4508,4.1351383083189076e-05,3.632243819380869e-05,3.8022014896212726e-07,1.226743399759112e-07,74.7497074790299
4131,4509,4.1335809869687524e-05,3.6300809065215534e-05,3.8071987543254495e-07,1.22780205014654e-07,74.76728092506528
4132,4510,4.131324982822661e-05,3.6293080635836624e-05,3.810350138999074e-07,1.2098190533909126e-07,74.78478199336678
4133,4511,4.1301085668582244e-05,3.6213112808126684e-05,3.8907498208054425e-07,1.1972230396501212e-07,74.8022841680795
4134,4512,4.128606145920411e-05,3.623372251805406e-05,3.8597117258276965e-07,1.1926272153223495e-07,74.81976574286819
4135,4513,4.1270527765991625e-05,3.625655673195322e-05,3.8265909512663006e-07,1.1873800827720997e-07,74.83730860520154
4136,4514,4.125557107172934e-05,3.625656699849529e-05,3.8204079130959616e-07,1.1785961601380919e-07,74.85478866286576
4137,4515,4.122922955589244e-05,3.625156838470487e-05,3.8126869949868585e-07,1.1649741762007057e-07,74.8733389666304
4138,4516,4.119429250483043e-05,3.6227378129679793e-05,3.8330059015844627e-07,1.133908473566174e-07,74.89084261283278
4139,4517,4.115488574956342e-05,3.620245151472633e-05,3.824865026445802e-07,1.1275692083912973e-07,74.90830574929714
4140,4518,4.1126042369634255e-05,3.618085231163004e-05,3.873849925767029e-07,1.0713401322371885e-07,74.92581895086914
4141,4519,4.1104985456465045e-05,3.612789092569316e-05,3.8557488555991177e-07,1.1213456751727709e-07,74.94345895480365
4142,4520,4.109556610769329e-05,3.610344118965522e-05,3.8495443694159826e-07,1.1425805486220879e-07,74.96106183435768
4143,4521,4.1091603855868246e-05,3.6075394513111506e-05,3.855321754006453e-07,1.1608875887502872e-07,74.97857170086354
4144,4522,4.108174195817574e-05,3.6081033157086074e-05,3.842788711989193e-07,1.1579200891004733e-07,74.9961915537715
4145,4523,4.107429475447935e-05,3.6100580389012935e-05,3.832598596610893e-07,1.1411157688555241e-07,75.01379081327468
4146,4524,4.106695119974701e-05,3.611502848381884e-05,3.81942138564128e-07,1.1325013302868908e-07,75.03135067876428
4147,4525,4.105623019561032e-05,3.612677403602159e-05,3.8078493156988085e-07,1.1216068438899211e-07,75.04883979912847
4148,4526,4.1045408800190453e-05,3.61156200634997e-05,3.817682430101421e-07,1.1121063065893283e-07,75.06631747446954
4149,4527,4.103230138744921e-05,3.610627059287839e-05,3.819621140520837e-07,1.1064096540499775e-07,75.08382350858301
4150,4528,4.1019693318048e-05,3.6093433530846206e-05,3.81801171683103e-07,1.1082480703707665e-07,75.1012934660539
4151,4529,4.100724131302388e-05,3.6080090608640017e-05,3.818649363903599e-07,1.108501340480262e-07,75.11884563509375
4152,4530,4.099712294846662e-05,3.608659241497965e-05,3.803855077438644e-07,1.1066754560483281e-07,75.13675142079592
4153,4531,4.09858296360606e-05,3.6082948287685475e-05,3.7941771927077635e-07,1.1087041556673606e-07,75.1542806411162
4154,4532,4.096691597391901e-05,3.606898106990674e-05,3.781187466067896e-07,1.1167474379443757e-07,75.17187177110463
4155,4533,4.093483710333978e-05,3.605566137781305e-05,3.7794302884022845e-07,1.099745437124444e-07,75.18941756524146
4156,4534,4.091221963627472e-05,3.608479789457243e-05,3.735510915662914e-07,1.091910826039375e-07,75.20703094732016
4157,4535,4.088897371023018e-05,3.608506629418999e-05,3.7556085537838305e-07,1.0482988622563636e-07,75.22456236369908
4158,4536,4.08729893809761e-05,3.607844751096822e-05,3.7579365935461976e-07,1.0366052764616785e-07,75.24221191555262
4159,4537,4.086309892698841e-05,3.609394040459844e-05,3.7331106171192795e-07,1.0360479052706931e-07,75.25976294185966
4160,4538,4.0847290802257366e-05,3.6113984594514844e-05,3.7377475148555186e-07,9.955586928870016e-08,75.27762178704143
4161,4539,4.083147111503208e-05,3.612315135697073e-05,3.7185233956448626e-07,9.897963624164866e-08,75.29523160681129
4162,4540,4.081077609310331e-05,3.6158553829812816e-05,3.683424536642514e-07,9.687977266479775e-08,75.31279666069895
4163,4542,4.079381198335563e-05,3.618727698771468e-05,3.6509276160730823e-07,9.556073795678694e-08,75.33643363043666
4164,4543,4.077115030710728e-05,3.615299763429336e-05,3.650795750813078e-07,9.673569220008426e-08,75.35400290414691
4165,4544,4.0728897671473206e-05,3.605078291965136e-05,3.673462359426957e-07,1.0046523923948886e-07,75.37158026266843
4166,4545,4.070013422044691e-05,3.601195689791921e-05,3.659381154540456e-07,1.0287961679872397e-07,75.38914662599564
4167,4546,4.068084804133841e-05,3.593202496838358e-05,3.7140263488201406e-07,1.0347967241346864e-07,75.40674941986799
4168,4547,4.064403264503032e-05,3.590213961667562e-05,3.6772869922739644e-07,1.0646060360807358e-07,75.42461874615401
4169,4548,4.062340596623051e-05,3.592173373207334e-05,3.657208555876314e-07,1.0444636782808555e-07,75.44227592553943
4170,4549,4.0586519786770375e-05,3.589735983721429e-05,3.6967013421253487e-07,9.924586074307384e-08,75.46019189245999
4171,4550,4.056028888333395e-05,3.586575521687012e-05,3.7301730840020694e-07,9.643605824617644e-08,75.47799841687083
4172,4551,4.053427895915987e-05,3.5837035619822856e-05,3.7534957363652596e-07,9.437476029717614e-08,75.49552096053958
4173,4552,4.0501932561326546e-05,3.58165067826636e-05,3.7759884587460994e-07,9.094373199168448e-08,75.51307303924114
4174,4553,4.047513882226257e-05,3.580161815016208e-05,3.7812973740198803e-07,8.922232980806138e-08,75.53064975980669
4175,4554,4.044468792816313e-05,3.579610445032861e-05,3.7809879917195263e-07,8.675954861149992e-08,75.54823330976069
4176,4555,4.041596532829544e-05,3.581167617586662e-05,3.742799408751316e-07,8.614897436774985e-08,75.56616768147796
4177,4556,4.040283217250078e-05,3.581633682809561e-05,3.721780178822047e-07,8.64715165583121e-08,75.5837778961286
4178,4557,4.0386834666727975e-05,3.58026805503175e-05,3.7075569782865564e-07,8.765971381239168e-08,75.60131716541946
4179,4558,4.036347910139812e-05,3.577481594773934e-05,3.7112896732658777e-07,8.773734803929021e-08,75.6189243691042
4180,4559,4.034634040048337e-05,3.5773075586091197e-05,3.7057264382566916e-07,8.675383761354824e-08,75.63642428256571
4181,4560,4.0336496210241274e-05,3.5767572795713264e-05,3.708014529089281e-07,8.6090888543873e-08,75.65402097906917
4182,4561,4.032595217988076e-05,3.5775653075373364e-05,3.6964148040279253e-07,8.53884300479469e-08,75.67151444312185
4183,4562,4.030425552564373e-05,3.579408098492097e-05,3.678204005104869e-07,8.319705356178893e-08,75.6890791868791
4184,4563,4.0282522134548425e-05,3.57715883815296e-05,3.6804050729400343e-07,8.305286800787879e-08,75.70702167414129
4185,4564,4.024781252891684e-05,3.5806223466051343e-05,3.6610002355266825e-07,7.805888273388146e-08,75.72458082251251
4186,4565,4.022641684477837e-05,3.580771902797553e-05,3.667961795227752e-07,7.507360215750864e-08,75.74220824800432
4187,4566,4.017026188582775e-05,3.5740459640411907e-05,3.6909677102503557e-07,7.388345351654833e-08,75.75978611409664
4188,4567,4.012840023833753e-05,3.569633894210708e-05,3.697508235555379e-07,7.345530606750639e-08,75.77739303000271
4189,4568,4.008256080035547e-05,3.5640592378370604e-05,3.6940208061444854e-07,7.479476158403767e-08,75.79493363481015
4190,4569,4.004603193794777e-05,3.559499861012863e-05,3.686555947381242e-07,7.644773804379024e-08,75.81244828179479
4191,4570,4.00190706727256e-05,3.5579676458855524e-05,3.669868449374162e-07,7.69525764495912e-08,75.83009588811547
4192,4571,3.999850818928448e-05,3.560087274078923e-05,3.6458716729389227e-07,7.517637755563292e-08,75.84833446517587
4193,4572,3.996971710045257e-05,3.560468635321102e-05,3.5887740726140523e-07,7.762566746274987e-08,75.86589751485735
4194,4573,3.9933869158604096e-05,3.561682785537983e-05,3.5633109133865023e-07,7.537303898377692e-08,75.88349781371653
4195,4574,3.989064621885396e-05,3.5661675606975315e-05,3.5293139651408135e-07,6.996566467378304e-08,75.9010670920834
4196,4575,3.9864284471772666e-05,3.5646369190989755e-05,3.5207661036210886e-07,6.971491771618236e-08,75.91865455266088
4197,4576,3.9834865346020336e-05,3.5606571314225086e-05,3.5302355922928034e-07,6.980584395024502e-08,75.93622009176761
4198,4577,3.979869944727712e-05,3.553793120010229e-05,3.566805219203108e-07,6.939630279717212e-08,75.95382767636329
4199,4578,3.97714280629156e-05,3.551170286647198e-05,3.541696827038315e-07,7.180283694053041e-08,75.97148695774376
4200,4579,3.972776213183221e-05,3.546968040935509e-05,3.5571688468431504e-07,7.00912875633966e-08,75.9890707731247
4201,4580,3.968347227129703e-05,3.5463487619705514e-05,3.551006100219401e-07,6.689785513721092e-08,76.0066148051992
4202,4582,3.9667763649219684e-05,3.5445029011766687e-05,3.5509798600076476e-07,6.717547774453505e-08,76.03031754586846
4203,4583,3.964264094403751e-05,3.5431395713098574e-05,3.5362354008153633e-07,6.750098301235705e-08,76.04793505556881
4204,4584,3.960875090803228e-05,3.538499484505527e-05,3.5542857480590094e-07,6.694703149179958e-08,76.06580286473036
4205,4585,3.9593370025494164e-05,3.534637748592185e-05,3.561572614641328e-07,6.854199249309872e-08,76.08340367116034
4206,4586,3.958296834848186e-05,3.5309938803319226e-05,3.6102894729007627e-07,6.627400722618689e-08,76.10096393991262
4207,4587,3.957213938217666e-05,3.530193290606255e-05,3.6209108565384797e-07,6.492956195756332e-08,76.11849194671959
4208,4588,3.9562181431541264e-05,3.5292690313968206e-05,3.608187707927224e-07,6.61303409645835e-08,76.13600555341691
4209,4589,3.954766490750684e-05,3.5283800035430835e-05,3.605909261639067e-07,6.579556104369349e-08,76.15350625663996
4210,4590,3.952533092399767e-05,3.5272882074879864e-05,3.5953102923054153e-07,6.571385568123913e-08,76.17106888536364
4211,4591,3.950989973575068e-05,3.527924368800245e-05,3.584134432739582e-07,6.465216150086473e-08,76.18860089220107
4212,4592,3.949042183656522e-05,3.527666067111494e-05,3.573764773926037e-07,6.399963915242397e-08,76.20613564737141
4213,4593,3.946817500987475e-05,3.527850719944195e-05,3.558749860555287e-07,6.309179498775229e-08,76.22370932903141
4214,4594,3.944399737456059e-05,3.5277314180254236e-05,3.54332622203232e-07,6.233569722740284e-08,76.24135072436184
4215,4595,3.9419285176062326e-05,3.52899928927921e-05,3.5142385805838177e-07,6.150537026864075e-08,76.25894787721336
4216,4596,3.939783933992441e-05,3.5281686441349275e-05,3.512266784507573e-07,6.03886114067562e-08,76.27653326280415
4217,4597,3.9379874459729844e-05,3.5280071942943005e-05,3.504508120778107e-07,5.952943960087372e-08,76.29420721158385
4218,4598,3.9364968153840834e-05,3.5273669656598015e-05,3.505353138549983e-07,5.8594535869283454e-08,76.3116161590442
4219,4599,3.9351286941013806e-05,3.525045589930572e-05,3.516095004682247e-07,5.847360370258361e-08,76.32923309970647
4220,4600,3.933351292867507e-05,3.522257148186966e-05,3.5345320513717287e-07,5.764093954336801e-08,76.34694563783705
4221,4601,3.9318807995749876e-05,3.521292033488935e-05,3.523507184618492e-07,5.82380476242038e-08,76.36494089569896
4222,4602,3.9300077785236084e-05,3.51801189405858e-05,3.541805049465752e-07,5.781537951845329e-08,76.38263530284166
4223,4603,3.928689569498665e-05,3.518758020753857e-05,3.5060409081821105e-07,5.9327457926596594e-08,76.40041804779321
4224,4604,3.9268662077432765e-05,3.5188920875915936e-05,3.4842653654833735e-07,5.954758360334554e-08,76.41807791218162
4225,4605,3.92462545512679e-05,3.5183053455781466e-05,3.45849996022942e-07,6.047011352570123e-08,76.43565473146737
4226,4606,3.922263257313774e-05,3.516005135642483e-05,3.454819147297599e-07,6.077620694153114e-08,76.45318836160004
4227,4607,3.920700659809916e-05,3.511332904338758e-05,3.479081853275546e-07,6.145957014360321e-08,76.47076684143394
4228,4608,3.919270042776486e-05,3.5076914742479525e-05,3.499562376667483e-07,6.162233086178583e-08,76.48833559453487
4229,4609,3.918025747884236e-05,3.50446625398845e-05,3.5148920871400803e-07,6.207028518177821e-08,76.50584112107754
4230,4610,3.916668508945078e-05,3.5031122439008866e-05,3.5155663487284387e-07,6.199963017134752e-08,76.52388875000179
4231,4611,3.915961546743606e-05,3.5107030842653594e-05,3.456426630719678e-07,5.96157994062786e-08,76.54148983489722
4232,4612,3.911666997397532e-05,3.507892761147793e-05,3.4420012147539744e-07,5.9574114774341656e-08,76.55904107633978
4233,4613,3.909146260198089e-05,3.506458998592713e-05,3.436720109920753e-07,5.9015250613299655e-08,76.57661443855613
4234,4614,3.906420074821578e-05,3.5085198851829006e-05,3.389666085035379e-07,5.8933581135139507e-08,76.59414670336992
4235,4615,3.905060344660546e-05,3.507525975389285e-05,3.388413949407714e-07,5.869297433048924e-08,76.61166295967996
4236,4616,3.9039052048875027e-05,3.506247870434868e-05,3.398116820326547e-07,5.784565241997958e-08,76.62921911571175
4237,4617,3.902198430482037e-05,3.5038760771220244e-05,3.3987557990708716e-07,5.8446773452925164e-08,76.64677870832384
4238,4618,3.900331411245496e-05,3.498815856545752e-05,3.4294116175656385e-07,5.857439294317987e-08,76.6643152507022
4239,4619,3.898788577520721e-05,3.4943577447641164e-05,3.45118775076438e-07,5.931205768016632e-08,76.68196079134941
4240,4620,3.897212536428454e-05,3.493440860370979e-05,3.4238685670468166e-07,6.138481935279385e-08,76.69946033414453
4241,4621,3.895468467317039e-05,3.4956340441555584e-05,3.3948067981392904e-07,6.035374334755205e-08,76.71842563245445
4242,4622,3.893768518340248e-05,3.496750129253278e-05,3.383025351941177e-07,5.871585389285228e-08,76.73600962106138
4243,4623,3.891991079885664e-05,3.497832951144788e-05,3.3762000992432625e-07,5.6538118816549453e-08,76.75354456715286
4244,4624,3.8898492944515094e-05,3.497430517221256e-05,3.376244419626464e-07,5.479433526760718e-08,76.7710700603202
4245,4625,3.88661512720108e-05,3.495818155454236e-05,3.388590833807093e-07,5.1937888366134097e-08,76.78863612841815
4246,4627,3.884362403123251e-05,3.494069544067832e-05,3.387192271503409e-07,5.1573631905078726e-08,76.81228911317885
4247,4628,3.881020392278937e-05,3.489575812823448e-05,3.374561625159786e-07,5.3988416939510734e-08,76.82985097076744
4248,4629,3.879328372297166e-05,3.488636321433421e-05,3.332891372957527e-07,5.740291356799143e-08,76.84782186057419
4249,4630,3.878069046923414e-05,3.48748896145229e-05,3.338977460633313e-07,5.668233940779252e-08,76.86540651600808
4250,4631,3.8767446440748454e-05,3.486234653173992e-05,3.3389447608259907e-07,5.661551481825469e-08,76.88308334443718
4251,4632,3.874594947798279e-05,3.485600468958577e-05,3.326507257042378e-07,5.634375313546456e-08,76.90098757203668
4252,4633,3.873775487774209e-05,3.484258517736106e-05,3.3417608821443734e-07,5.534088182366582e-08,76.91850550752133
4253,4634,3.872802475555729e-05,3.483622093877797e-05,3.336947382396855e-07,5.548564343824645e-08,76.93612675461918
4254,4635,3.8715595784222024e-05,3.482016122448768e-05,3.3402372457802776e-07,5.551973139540627e-08,76.9537075003609
4255,4636,3.8702747824334185e-05,3.47943319378759e-05,3.356115553570945e-07,5.523003328873409e-08,76.9712432809174
4256,4637,3.868969977309539e-05,3.4767316871979964e-05,3.3709238117161705e-07,5.5145908939925615e-08,76.98934584762901
4257,4638,3.868023256992889e-05,3.47336725223786e-05,3.402006729775462e-07,5.445533177748252e-08,77.00678882841021
4258,4639,3.8672451030801566e-05,3.471887487454141e-05,3.4125355050778543e-07,5.410406511822999e-08,77.02440277952701
4259,4640,3.866567141448719e-05,3.470180868844804e-05,3.4251555056507027e-07,5.387072203884444e-08,77.04202423337847
4260,4641,3.8660488586359914e-05,3.4688900895842766e-05,3.429215664049183e-07,5.4237202646796135e-08,77.05960186664015
4261,4642,3.865601214015515e-05,3.4683079988493984e-05,3.4304607988700635e-07,5.424713527911073e-08,77.07849096879363
4262,4643,3.8651372427923306e-05,3.4679316838848606e-05,3.435822643054867e-07,5.362329460198332e-08,77.09603527933359
4263,4644,3.86473392937947e-05,3.4679913844309745e-05,3.4399117907968445e-07,5.275136586881087e-08,77.11361144855618
4264,4645,3.864196593447751e-05,3.4673627809265246e-05,3.450448821106596e-07,5.1788930410566305e-08,77.1312396330759
4265,4646,3.863467060399957e-05,3.4664176826302616e-05,3.457841186250191e-07,5.1265259144676817e-08,77.14889840129763
4266,4647,3.862396400464934e-05,3.4646383587129806e-05,3.4662715040956935e-07,5.1130891342384433e-08,77.16645719762892
4267,4648,3.861350336636706e-05,3.4629245643895995e-05,3.4663243689030206e-07,5.1793335356804784e-08,77.1840606732294
4268,4649,3.860240643012637e-05,3.462612134940532e-05,3.4501287483322656e-07,5.261563323887895e-08,77.20161321107298
4269,4651,3.8596759153080914e-05,3.4630844379844947e-05,3.431371303500976e-07,5.345434697349953e-08,77.22525089420378
4270,4653,3.8593100998703204e-05,3.46393009565886e-05,3.427508981096499e-07,5.2629106101810364e-08,77.24909589719027
4271,4654,3.858205953998021e-05,3.4646841693899454e-05,3.4071623436679485e-07,5.280555024128018e-08,77.26665065437555
4272,4655,3.856470541044265e-05,3.467303469251952e-05,3.37615786588186e-07,5.155128520412688e-08,77.28418600652367
4273,4656,3.854848815081283e-05,3.46824932484207e-05,3.370365978768259e-07,4.956289236238734e-08,77.30178886745125
4274,4657,3.853347111773134e-05,3.470309113631902e-05,3.3611464065264943e-07,4.6923357488582634e-08,77.31942448858172
4275,4658,3.85186921501204e-05,3.4679016030901505e-05,3.3765919400968906e-07,4.630841791220067e-08,77.3369880951941
4276,4659,3.850382246732757e-05,3.464470913461267e-05,3.39175057627337e-07,4.6736275644152126e-08,77.35453961789608
4277,4660,3.8488949328017294e-05,3.462695156097126e-05,3.395638810800953e-07,4.663589562450814e-08,77.37216259445995
4278,4661,3.846303407669967e-05,3.4612969325272114e-05,3.387514696905246e-07,4.625500545223066e-08,77.3897129194811
4279,4662,3.845034392782239e-05,3.461159611909354e-05,3.397021104427076e-07,4.417267043017803e-08,77.40718983579427
4280,4663,3.8427864516657396e-05,3.460299617083832e-05,3.37554328858899e-07,4.4932505723008504e-08,77.42472414299846
4281,4664,3.841458540188746e-05,3.458880388381453e-05,3.3665039065284373e-07,4.592776115444941e-08,77.44226931687444
4282,4665,3.840099428452659e-05,3.457446005614249e-05,3.355480337567496e-07,4.7105389081660176e-08,77.45982039533556
4283,4666,3.8385586499602146e-05,3.456174565425061e-05,3.354525662873646e-07,4.6931518247789667e-08,77.47802148759365
4284,4667,3.8373441992166974e-05,3.456399374761634e-05,3.362617773236427e-07,4.4683047131420036e-08,77.49553604703397
4285,4668,3.8366907950619404e-05,3.457153215876352e-05,3.347212239402068e-07,4.48163552453822e-08,77.5130837187171
4286,4669,3.8363108962463115e-05,3.457290229840493e-05,3.3461315842564514e-07,4.440750798017318e-08,77.53060618042946
4287,4670,3.8360265852151585e-05,3.458157880375708e-05,3.3423006704938004e-07,4.363863779007013e-08,77.5482763396576
4288,4671,3.835577813731829e-05,3.458858016944657e-05,3.330562186044976e-07,4.366357818267453e-08,77.56580459978431
4289,4672,3.834855223916274e-05,3.459292345254711e-05,3.3172708185810273e-07,4.3835796803459545e-08,77.58342148456722
4290,4673,3.834683725951221e-05,3.4585147141715304e-05,3.3232481871093535e-07,4.384419306875508e-08,77.60095552448183
4291,4674,3.8339261723805836e-05,3.457789730299973e-05,3.317090275814583e-07,4.442741449915247e-08,77.61847913917154
4292,4675,3.833133615615299e-05,3.455855075033823e-05,3.3264229568826965e-07,4.4636244893207124e-08,77.63607011828572
4293,4676,3.83230676516382e-05,3.453401364625838e-05,3.3261107592849676e-07,4.6294324609485987e-08,77.6545299552381
4294,4677,3.831614569754104e-05,3.4512092190231304e-05,3.3468244739570204e-07,4.572290333527136e-08,77.67195675242692
4295,4678,3.830938315119473e-05,3.449152440687012e-05,3.3673660897794397e-07,4.504926545451681e-08,77.68952349200845
4296,4679,3.830334178608531e-05,3.4481864857655554e-05,3.37090993652094e-07,4.5056699190882036e-08,77.70711005385965
4297,4680,3.8298786251531714e-05,3.448329240909504e-05,3.3681775448039153e-07,4.4731629763275885e-08,77.7246264712885
4298,4681,3.82950913744153e-05,3.447974716494964e-05,3.364530444241428e-07,4.508137652242388e-08,77.74221097771078
4299,4682,3.829195834463476e-05,3.448002312935878e-05,3.355994739276775e-07,4.559404759992022e-08,77.75975377019495
4300,4684,3.829013345651153e-05,3.447947348822055e-05,3.358541454014356e-07,4.52118514276628e-08,77.78336843755096
4301,4686,3.8287576616786824e-05,3.4468122997792164e-05,3.3622877717052573e-07,4.5716584728940604e-08,77.80695017986
4302,4687,3.828230183702005e-05,3.445913271308071e-05,3.3662249963661616e-07,4.5694412757317386e-08,77.8244674531743
4303,4688,3.8266029106485406e-05,3.442929477087495e-05,3.385786078336599e-07,4.509482572738542e-08,77.8420180901885
4304,4689,3.8256167260205334e-05,3.442387079624023e-05,3.382059960227866e-07,4.502365037372422e-08,77.85951069928706
4305,4690,3.82425228636825e-05,3.441433821151659e-05,3.3757115594646713e-07,4.524730927012369e-08,77.8770611770451
4306,4691,3.822819128922946e-05,3.4422436573270695e-05,3.3552857907866206e-07,4.50468925172144e-08,77.8945290055126
4307,4692,3.821445132475921e-05,3.441029637162527e-05,3.345423372027171e-07,4.587315811067708e-08,77.91203518025577
4308,4693,3.818923169737843e-05,3.43956449776222e-05,3.329114483440199e-07,4.644722363160319e-08,77.92950440011919
4309,4694,3.8175501896984984e-05,3.435936840460321e-05,3.3411369678555655e-07,4.7499652452621244e-08,77.94751994870603
4310,4695,3.816407919732521e-05,3.4352180708680136e-05,3.3463718599472727e-07,4.655266286978003e-08,77.96540866978467
4311,4696,3.815722128420154e-05,3.4352695124674136e-05,3.351291918658298e-07,4.532342408691072e-08,77.98299171589315
4312,4697,3.8151041671940774e-05,3.434539809238871e-05,3.363042077313154e-07,4.4260150223891404e-08,78.00049563869834
4313,4698,3.814084416648543e-05,3.4331235313677886e-05,3.3790787520881226e-07,4.305301007194165e-08,78.01811656635255
4314,4699,3.811959750599403e-05,3.430406395458866e-05,3.4023648950732557e-07,4.131686563321171e-08,78.03563457075506
4315,4700,3.809501126003302e-05,3.424058673982687e-05,3.435955529243585e-07,4.1846899096257236e-08,78.05323258042336
4316,4702,3.80727479537592e-05,3.4216393049274265e-05,3.4432785340832764e-07,4.130763704016582e-08,78.07679946348071
4317,4703,3.8045362863953585e-05,3.4228784678093645e-05,3.403098275903608e-07,4.134799099563311e-08,78.09429212100804
4318,4704,3.80203674561599e-05,3.4213154236641856e-05,3.3841066732162726e-07,4.2310654630176766e-08,78.111765765585
4319,4705,3.8000754018377265e-05,3.4198258714562604e-05,3.3766372410552297e-07,4.258580627594347e-08,78.12967397365719
4320,4706,3.797512068665488e-05,3.419936421734645e-05,3.3527651187899385e-07,4.229913505184927e-08,78.14794819056988
4321,4707,3.793644422174604e-05,3.421450772914878e-05,3.3220928620250973e-07,3.998436305721677e-08,78.16540645714849
4322,4708,3.790014387751441e-05,3.423666153352625e-05,3.2709418560501487e-07,3.9254048793800444e-08,78.18299599178135
4323,4709,3.7872842981252876e-05,3.426306375448891e-05,3.239795084761167e-07,3.699841420028003e-08,78.20047029014677
4324,4711,3.785606770479063e-05,3.426055293537694e-05,3.226861268156661e-07,3.686535012570279e-08,78.22401851974428
4325,4712,3.7843061027067314e-05,3.42487526626356e-05,3.1964954718118324e-07,3.978128926198758e-08,78.24147051386535
4326,4713,3.782482847296866e-05,3.421342087203017e-05,3.232881855116028e-07,3.7852574582246436e-08,78.25894049461931
4327,4714,3.780816132292841e-05,3.418461932381502e-05,3.249402042825305e-07,3.741399562880896e-08,78.27647796738893
4328,4715,3.7783706572545956e-05,3.4149248731856456e-05,3.250236497826322e-07,3.8422134286317294e-08,78.29396253917366
4329,4716,3.773712253756001e-05,3.4098199193470845e-05,3.243552137964537e-07,3.953712061246269e-08,78.31145579833537
4330,4717,3.7706555300570156e-05,3.4074831181693926e-05,3.228351313264958e-07,4.0337280561127156e-08,78.32889589853585
4331,4718,3.767701784603144e-05,3.40936498043846e-05,3.1985964038366084e-07,3.8477163781023647e-08,78.34659448452294
4332,4719,3.766797762171527e-05,3.406751704056494e-05,3.204763974392964e-07,3.956966067573644e-08,78.36406582221389
4333,4720,3.7628175247079895e-05,3.4042521584136616e-05,3.2200011938120983e-07,3.656524691311782e-08,78.38161758612841
4334,4721,3.760226390334972e-05,3.400325015025318e-05,3.199691004428053e-07,3.993227486684848e-08,78.39912068471313
4335,4722,3.756530764568474e-05,3.394192403154001e-05,3.198636774643503e-07,4.2474683950122816e-08,78.41788786556572
4336,4723,3.7491056051909056e-05,3.377327258992943e-05,3.2533870226372316e-07,4.6439643934239654e-08,78.4354974636808
4337,4724,3.7469664386191214e-05,3.369174265286745e-05,3.295120803059209e-07,4.8280093026455254e-08,78.45300039369613
4338,4725,3.740561755498794e-05,3.36462182736787e-05,3.3226039827681344e-07,4.3679529854110394e-08,78.47095085773617
4339,4726,3.738091522084749e-05,3.365263258584633e-05,3.353618889065453e-07,3.746637459357068e-08,78.48840684909374
4340,4727,3.731650794481349e-05,3.3569067464083666e-05,3.355050720524988e-07,3.923897602048371e-08,78.5058926306665
4341,4728,3.72732018701916e-05,3.347891694048621e-05,3.389956612213182e-07,4.0432831749220644e-08,78.52339842822403
4342,4729,3.72248182875996e-05,3.342257597769951e-05,3.4121800918941405e-07,3.900622180059498e-08,78.54088215716183
4343,4730,3.714159299978046e-05,3.3296025763320636e-05,3.4916205380311934e-07,3.539466984286309e-08,78.55840337462723
4344,4731,3.711171757182475e-05,3.315283291456813e-05,3.4903536737616594e-07,4.6853098349496515e-08,78.5758856376633
4345,4732,3.7014204592860904e-05,3.3164827344342026e-05,3.477166043050155e-07,3.722112054687234e-08,78.59346246439964
4346,4733,3.694500604067664e-05,3.3107784099790494e-05,3.4923634342761213e-07,3.448585066100215e-08,78.61092611309141
4347,4734,3.6817108124828715e-05,3.299125489701665e-05,3.5046925084099415e-07,3.211607194021181e-08,78.62843818217516
4348,4735,3.6729917380457156e-05,3.2936819467348136e-05,3.467184752708171e-07,3.259131604008526e-08,78.64597197063267
4349,4736,3.668013280334017e-05,3.291818535368798e-05,3.4346008317515934e-07,3.273466179005981e-08,78.6634553913027
4350,4737,3.659095282409897e-05,3.293874138331806e-05,3.398967415064215e-07,2.532440257167007e-08,78.68108044285327
4351,4738,3.6475322812738e-05,3.269189642155332e-05,3.486349880622778e-07,2.9707651056190043e-08,78.69855695031583
4352,4739,3.637501666270364e-05,3.2574869804161703e-05,3.4275084026114174e-07,3.726384559305205e-08,78.71643298584968
4353,4740,3.627058201604728e-05,3.253533713968054e-05,3.4451321216073664e-07,2.901127547593752e-08,78.73392840009183
4354,4741,3.6168584953730524e-05,3.2429642489657794e-05,3.426450976661917e-07,3.1249148741081704e-08,78.75145174004138
4355,4742,3.6082931376782425e-05,3.225957089360199e-05,3.4731580901603746e-07,3.5020239302006605e-08,78.76894847955555
4356,4744,3.6030859115469546e-05,3.223023250685746e-05,3.47175813466483e-07,3.288684739472572e-08,78.7926737330854
4357,4745,3.596758356011832e-05,3.203548530536936e-05,3.5225455422792105e-07,4.095527124697539e-08,78.81055774819106
4358,4746,3.5839645474410636e-05,3.196035883328858e-05,3.56136571070099e-07,3.1792093042106713e-08,78.8280701590702
4359,4747,3.576688118251714e-05,3.1922307291082476e-05,3.551378751656526e-07,2.9319513977814464e-08,78.84563650656492
4360,4748,3.571955180163163e-05,3.187834993012656e-05,3.5386387135536646e-07,3.0256315795140964e-08,78.86316640954465
4361,4749,3.5690285401263595e-05,3.184363242441918e-05,3.4879537818381866e-07,3.5869919500622856e-08,78.88075645733625
4362,4750,3.565996506776489e-05,3.186836748126599e-05,3.4634287393900893e-07,3.281688471088091e-08,78.89820756018162
4363,4751,3.561299019331781e-05,3.184329821123528e-05,3.4698498111981775e-07,2.998421708843594e-08,78.91571064013988
4364,4752,3.55534603673663e-05,3.179885609750402e-05,3.424905000762475e-07,3.296992690998074e-08,78.93315545935184
4365,4753,3.549477992819221e-05,3.1728441546220565e-05,3.4415513634817815e-07,3.2478701848986e-08,78.95078200381249
4366,4754,3.5430576609070764e-05,3.173741130717319e-05,3.3479406459041645e-07,3.452246559934115e-08,78.968311724253
4367,4755,3.5360745367153476e-05,3.1725957621375804e-05,3.321962119393505e-07,3.128256263841689e-08,78.98626991547644
4368,4756,3.5293236864031694e-05,3.16583829579691e-05,3.319975679071499e-07,3.1487822699109496e-08,79.00370688643306
4369,4757,3.521861037896145e-05,3.155515933206001e-05,3.3831805820504743e-07,2.8027046485096905e-08,79.02123890817165
4370,4759,3.515794395267922e-05,3.146128044280933e-05,3.3922055074223e-07,3.0445800244759126e-08,79.04496340081096
4371,4760,3.505231585811865e-05,3.129644399782635e-05,3.45975740140756e-07,2.961144588847412e-08,79.06244176160544
4372,4761,3.49645276887552e-05,3.115025070235822e-05,3.489638024775406e-07,3.2463896162157376e-08,79.07999782357365
4373,4762,3.489608272841118e-05,3.1057073950991216e-05,3.4969614376609037e-07,3.420473397590556e-08,79.09901720285416
4374,4763,3.4812042454682176e-05,3.096695878175247e-05,3.4915722203397403e-07,3.535114525899638e-08,79.11651869490743
4375,4764,3.474439002218422e-05,3.096963061601248e-05,3.3922386509136334e-07,3.825207552581059e-08,79.1340167503804
4376,4766,3.472357261748323e-05,3.093448800788465e-05,3.395646720346926e-07,3.934378892516527e-08,79.15765288937837
4377,4767,3.469774107508481e-05,3.090441779237607e-05,3.404974258538766e-07,3.883490241699843e-08,79.17527074739337
4378,4768,3.46718563729797e-05,3.081063189342119e-05,3.486980182472967e-07,3.742442970855396e-08,79.19297893438488
4379,4769,3.463971304341527e-05,3.0753247738256974e-05,3.487478586882124e-07,3.98986718276178e-08,79.21047003753483
4380,4770,3.4618193812600686e-05,3.068752443685488e-05,3.484669697274736e-07,4.459996784710722e-08,79.22794814128429
4381,4771,3.458732522055241e-05,3.064908892532673e-05,3.5152543218886825e-07,4.229819733370014e-08,79.24552520550787
4382,4772,3.454876540585114e-05,3.058351200276695e-05,3.5370201443723015e-07,4.282332587118985e-08,79.2630287790671
4383,4773,3.4490949813713666e-05,3.051517082529399e-05,3.5585701158775036e-07,4.172088725421698e-08,79.28057709988207
4384,4774,3.441734157728365e-05,3.0454421558509495e-05,3.5373602788031486e-07,4.255597399710109e-08,79.29813132248819
4385,4775,3.4351304315226274e-05,3.0383103099141546e-05,3.545995003834194e-07,4.22206212250536e-08,79.31561143882573
4386,4776,3.4270560586253675e-05,3.0380482035074268e-05,3.4920806800155946e-07,3.9799787116381805e-08,79.33308687526733
4387,4777,3.4200912135102235e-05,3.0271057289683663e-05,3.462106574289808e-07,4.677482711287658e-08,79.3507134579122
4388,4778,3.414661750724406e-05,3.028091643280488e-05,3.443557414907183e-07,4.2214365953199075e-08,79.36817262414843
4389,4779,3.4093019423904685e-05,3.0286371412332026e-05,3.384663283542068e-07,4.219847280305859e-08,79.38577641546726
4390,4780,3.401844880227515e-05,3.022332371834686e-05,3.3774178953299155e-07,4.177071885983717e-08,79.40326662082225
4391,4781,3.395485859651957e-05,3.0138168061524077e-05,3.3554240333092935e-07,4.612665016862024e-08,79.42077871505171
4392,4782,3.389669406177391e-05,3.011148520796408e-05,3.3150772751541065e-07,4.7013157865572393e-08,79.4382959632203
4393,4783,3.3850447342021346e-05,3.004259740162829e-05,3.3195304159191115e-07,4.8831952447393996e-08,79.45578367821872
4394,4784,3.376471556824032e-05,3.002053024563467e-05,3.34524632850352e-07,3.9893899410213177e-08,79.47323515638709
4395,4785,3.3687735521682844e-05,2.9982396095738618e-05,3.27159117874468e-07,4.337482471995427e-08,79.49079675599933
4396,4786,3.3629048612375186e-05,2.990763164117726e-05,3.2470844053579954e-07,4.743325658399347e-08,79.5082994485274
4397,4787,3.3577467462523606e-05,2.993014148622148e-05,3.234272473462402e-07,4.130535028397225e-08,79.525799353607
4398,4788,3.3551201610502494e-05,2.9941097836505932e-05,3.191159358253788e-07,4.189444157427716e-08,79.5433328775689
4399,4789,3.35019972224181e-05,2.9916690637152722e-05,3.1668167428820565e-07,4.184898423833224e-08,79.56087132915854
4400,4790,3.3462905993178584e-05,2.9884929663863213e-05,3.184079030962218e-07,3.9389729835315074e-08,79.57839054986835
4401,4791,3.337200207597138e-05,2.9822068235556576e-05,3.150121759564292e-07,3.9981208085051325e-08,79.5958953667432
4402,4792,3.3278074474280376e-05,2.972492545061093e-05,3.105269617925647e-07,4.4787940574379915e-08,79.61395141948014
4403,4793,3.3244443668007635e-05,2.968195885088604e-05,3.100070748195389e-07,4.624140689262071e-08,79.63149388227612
4404,4795,3.320954550715709e-05,2.9672647190803536e-05,3.0588028375757526e-07,4.7809547877780244e-08,79.65531884413213
4405,4796,3.3179423652985626e-05,2.9603018505142122e-05,3.0500607551460063e-07,5.263443926975015e-08,79.67283572256565
4406,4797,3.313777643534952e-05,2.958785600708546e-05,3.073263045879138e-07,4.7665738238491934e-08,79.6904103429988
4407,4798,3.3096517747550124e-05,2.9533343324176976e-05,3.066887786500752e-07,4.962866368723958e-08,79.70797512680292
4408,4799,3.303946849707756e-05,2.9449552649936033e-05,3.076854926022213e-07,5.1306092111931367e-08,79.72548922989517
4409,4800,3.298375090820041e-05,2.933904310991667e-05,3.1045222141765203e-07,5.401855841072236e-08,79.74306854512542
4410,4801,3.2934146433305064e-05,2.9313258932275678e-05,3.053492295643211e-07,5.673952053861764e-08,79.7615276593715
4411,4802,3.2895008274714514e-05,2.9293159008973203e-05,3.0488811783792234e-07,5.529680873620853e-08,79.77896785363555
4412,4803,3.2845426515123195e-05,2.9255330366415394e-05,3.070005125837445e-07,5.200910228703584e-08,79.79657689202577
4413,4804,3.2819641641571444e-05,2.9236345742007594e-05,3.052407571267403e-07,5.30888328296446e-08,79.81416636705399
4414,4805,3.278392494476324e-05,2.9227921399888333e-05,3.0833988447205815e-07,4.726047001543238e-08,79.83170802425593
4415,4806,3.2756317626683184e-05,2.919882090017365e-05,3.0808184823406995e-07,4.766782441688341e-08,79.8494188124314
4416,4807,3.273177303184523e-05,2.9167218828032247e-05,3.092151980166144e-07,4.724022236468403e-08,79.86701181810349
4417,4808,3.2703580800637424e-05,2.916884251024265e-05,3.077943297284479e-07,4.567949931102942e-08,79.88464471139014
4418,4809,3.2677846738257166e-05,2.9170932991392413e-05,3.07212063705423e-07,4.347931098105264e-08,79.90220246370882
4419,4810,3.2657140008957196e-05,2.9192124639718835e-05,3.0429126271254535e-07,4.221027421129109e-08,79.9197011217475
4420,4811,3.263893805143845e-05,2.9174324183306348e-05,3.0528930144685806e-07,4.1172085366352077e-08,79.93728434015065
4421,4812,3.261987419373186e-05,2.9148140444083266e-05,3.058594713258441e-07,4.131390363901518e-08,79.95491251628846
4422,4813,3.260224214024059e-05,2.9123910271562427e-05,3.0723226464118175e-07,4.0600922226634295e-08,79.9724831180647
4423,4814,3.2579361846312856e-05,2.9094964535010374e-05,3.083996111129123e-07,4.004012001733605e-08,79.9900438124314
4424,4815,3.255453186207631e-05,2.9053061932593146e-05,3.0957509116165955e-07,4.057190178665718e-08,80.00761422421783
4425,4816,3.2524238105075054e-05,2.9020215010958046e-05,3.1025715484958874e-07,4.014515456211187e-08,80.02519912924618
4426,4817,3.2498354398496084e-05,2.8996217647407057e-05,3.0843347220953235e-07,4.178020289936992e-08,80.04277496784925
4427,4819,3.2485090669638e-05,2.8967393845534316e-05,3.094915711218268e-07,4.227811128854152e-08,80.06634166650474
4428,4820,3.2459676465006144e-05,2.8976524120630904e-05,3.072923868413981e-07,4.102284759612633e-08,80.08391560707241
4429,4821,3.2432342195820634e-05,2.899172155993021e-05,3.033568140717473e-07,4.070524951729507e-08,80.10236570239067
4430,4822,3.241048220338609e-05,2.899631622506781e-05,3.005534027681885e-07,4.0863195063639656e-08,80.11989445146173
4431,4823,3.2389873078719704e-05,2.8985890931852854e-05,2.9798106490022595e-07,4.2417149786459484e-08,80.13745016418397
4432,4824,3.2365948152384425e-05,2.897524625739861e-05,2.9551517703359223e-07,4.3555012464988873e-08,80.15491100028157
4433,4825,3.2342841544388025e-05,2.8963484863861362e-05,2.921116385604852e-07,4.582402949218108e-08,80.17239616531879
4434,4826,3.233296152572214e-05,2.896870362920028e-05,2.9016967722338827e-07,4.6256112428797813e-08,80.18997790012509
4435,4827,3.232679118887299e-05,2.897499207804357e-05,2.881499002801978e-07,4.7030010802744647e-08,80.20747372042388
4436,4828,3.232088613794164e-05,2.8970549608360666e-05,2.885936509272601e-07,4.644000203083738e-08,80.2249810891226
4437,4829,3.231176714357864e-05,2.8960821690743974e-05,2.8925962654009675e-07,4.583491874336999e-08,80.24255757592618
4438,4830,3.230116047127514e-05,2.8945977506388904e-05,2.9085376374098075e-07,4.4664532747642505e-08,80.26005006115884
4439,4831,3.2291732731968585e-05,2.8934834938051468e-05,2.908061059224904e-07,4.4883673469220954e-08,80.27758549060673
4440,4832,3.228481787964899e-05,2.8925126816508183e-05,2.911599870272951e-07,4.480911928678554e-08,80.29561824630946
4441,4833,3.227922015292976e-05,2.8927396787635127e-05,2.899081617579292e-07,4.5274174771534606e-08,80.31306184083223
4442,4834,3.227503736687552e-05,2.8931459197382062e-05,2.886351503098412e-07,4.572266663950487e-08,80.33052129857242
4443,4835,3.227255852939684e-05,2.893929023155983e-05,2.880897953408405e-07,4.523703444286019e-08,80.34824831783772
4444,4836,3.226976583322254e-05,2.8946290999712662e-05,2.8756586587920745e-07,4.478161747177997e-08,80.36587133444846
4445,4838,3.226892121692241e-05,2.8953527489524525e-05,2.8696224944754863e-07,4.457712329223996e-08,80.38957338873297
4446,4839,3.2265945018802887e-05,2.895946404970585e-05,2.866923077063787e-07,4.395578920332481e-08,80.40719172079116
4447,4840,3.2263707579226445e-05,2.8969000784952452e-05,2.855130331428569e-07,4.39576462845421e-08,80.42484108824283
4448,4841,3.225703428597584e-05,2.8954285286282896e-05,2.855327829583049e-07,4.474211701098938e-08,80.44239157158881
4449,4842,3.225065934499807e-05,2.8948452512258548e-05,2.856222420363903e-07,4.45984412375619e-08,80.45989347808063
4450,4843,3.224602207140978e-05,2.8955719137459265e-05,2.8403599174326496e-07,4.499430165178616e-08,80.47747886460274
4451,4844,3.2240721292625945e-05,2.8957762123811726e-05,2.8318394274387273e-07,4.511197413754903e-08,80.49535096623003
4452,4845,3.223625928693374e-05,2.896325939620108e-05,2.822631993787946e-07,4.5036789694471776e-08,80.51283088233322
4453,4846,3.223122406053595e-05,2.8966190754258228e-05,2.8122112907014374e-07,4.5282201557628374e-08,80.53036882169545
4454,4847,3.2226133822896455e-05,2.8969098845911782e-05,2.805110258439026e-07,4.5192471854564976e-08,80.5479623163119
4455,4848,3.2222716999550455e-05,2.895564848444696e-05,2.8058402458499534e-07,4.612282692535396e-08,80.5655064471066
4456,4849,3.2221193462739564e-05,2.8948907797539144e-05,2.8192403704397425e-07,4.530452947606765e-08,80.58317791856825
4457,4850,3.221841295252345e-05,2.894435722887999e-05,2.8179631528154784e-07,4.5609257082798404e-08,80.60068541858345
4458,4851,3.221625838358396e-05,2.8936756244202635e-05,2.819828782102073e-07,4.59673357279257e-08,80.61821577884257
4459,4853,3.2214857804297965e-05,2.8930229931564212e-05,2.8292116531362315e-07,4.554162195975185e-08,80.64188294578344
4460,4854,3.221105257638471e-05,2.8918230005287236e-05,2.835951090712062e-07,4.568714803854078e-08,80.65938508417457
4461,4855,3.2205094917738505e-05,2.8899743095914875e-05,2.842118671696035e-07,4.632331501275932e-08,80.67736383154988
4462,4856,3.220013186391906e-05,2.8900288733238888e-05,2.834076824817247e-07,4.6576630586292584e-08,80.6948826322332
4463,4857,3.219221226611558e-05,2.887731923678637e-05,2.8419795489556127e-07,4.7291348037359534e-08,80.71236861217767
4464,4858,3.218359270616414e-05,2.885807535741528e-05,2.845854030050761e-07,4.7966331869809945e-08,80.72989780921489
4465,4859,3.217134488451917e-05,2.8830006076867135e-05,2.855268184850429e-07,4.860706228016076e-08,80.74741251207888
4466,4860,3.215842457742914e-05,2.8827221755120113e-05,2.839565633113922e-07,4.916371891951116e-08,80.76493921689689
4467,4861,3.2151361114902186e-05,2.8818859456490217e-05,2.85326390870133e-07,4.792377497106376e-08,80.78249902650714
4468,4862,3.213957356267172e-05,2.879917191219006e-05,2.8635119111134396e-07,4.7688973936822264e-08,80.79999467823654
4469,4863,3.2133390928916604e-05,2.8800495887662325e-05,2.8608689621380923e-07,4.720260791161871e-08,80.81746902689338
4470,4864,3.212623286550263e-05,2.8799577923933295e-05,2.866469185843438e-07,4.601857557258931e-08,80.83498273976147
4471,4865,3.2119729530294405e-05,2.8795654935365528e-05,2.868124094495084e-07,4.5595050043379325e-08,80.85254822019488
4472,4866,3.211278928462337e-05,2.8802978338851822e-05,2.867523792573862e-07,4.422871531976862e-08,80.87040327861905
4473,4867,3.210428489135971e-05,2.878725252966534e-05,2.863595069345549e-07,4.534372923488231e-08,80.8879467304796
4474,4868,3.2093299395832615e-05,2.8770378880156677e-05,2.8486427799320386e-07,4.742777357439004e-08,80.9054627045989
4475,4869,3.208500555334014e-05,2.875082227797297e-05,2.845731123378227e-07,4.8845215198893935e-08,80.92305319104344
4476,4870,3.2074567823616785e-05,2.8725529691047114e-05,2.8475444492485143e-07,5.014936833211605e-08,80.94063185527921
4477,4871,3.2065129475278235e-05,2.8683933511810234e-05,2.8623246786118067e-07,5.188712848561904e-08,80.95855576545
4478,4872,3.2059936065090856e-05,2.867071808273346e-05,2.878037220487046e-07,5.1118076187034734e-08,80.97619259543717
4479,4873,3.2052454475987345e-05,2.8669628186952566e-05,2.87452370843292e-07,5.083025806018608e-08,80.99375662487
4480,4874,3.204594176350889e-05,2.8670788232270546e-05,2.8752715736839e-07,4.9988195755444006e-08,81.01124663371593
4481,4875,3.203855262386345e-05,2.867140522145425e-05,2.886389956753614e-07,4.80757445655586e-08,81.0289141414687
4482,4876,3.203404412852745e-05,2.8664164769370266e-05,2.8966874308868945e-07,4.731919282702895e-08,81.04698622692376
4483,4877,3.202712882325847e-05,2.8651612867827072e-05,2.90661981073355e-07,4.688961446978419e-08,81.06437162682414
4484,4878,3.202217869859255e-05,2.8627729873085004e-05,2.928358740764121e-07,4.660900847434279e-08,81.08260741364211
4485,4879,3.2014765444474686e-05,2.858223746816745e-05,2.954959006107598e-07,4.7756897019963646e-08,81.09999730810523
4486,4880,3.2008996978334506e-05,2.8553170770800847e-05,2.9694458089081227e-07,4.863803986255336e-08,81.1174317393452
4487,4881,3.200368239194821e-05,2.8499189869853607e-05,3.013929397727007e-07,4.9056312436759886e-08,81.13492757361382
4488,4882,3.1998458420774635e-05,2.8519628327582478e-05,2.9803449019667084e-07,4.9848519122544936e-08,81.15252817422152
4489,4883,3.199555945624802e-05,2.852286419455829e-05,2.97030828129373e-07,5.0238698039599936e-08,81.17004441935569
4490,4884,3.199218789709337e-05,2.8521220338691825e-05,2.9629635827761626e-07,5.080039756253839e-08,81.18765724357218
4491,4885,3.198783985830501e-05,2.8523057287970775e-05,2.9598189440402066e-07,5.0496362629402794e-08,81.20517364516854
4492,4886,3.198170422777193e-05,2.8503108496917452e-05,2.9721099226063855e-07,5.064858082480903e-08,81.22266811877489
4493,4887,3.19765523814209e-05,2.849695997651562e-05,2.983425678545584e-07,4.961667263596947e-08,81.24022630322725
4494,4888,3.1971849212476905e-05,2.8487951216463862e-05,2.9971873982231226e-07,4.867105977899225e-08,81.25775360874832
4495,4889,3.196808464765884e-05,2.846378616827074e-05,3.018449064909003e-07,4.85849414479094e-08,81.2752529643476
4496,4890,3.196367178248069e-05,2.8459673920967452e-05,3.019589751587827e-07,4.8440810992540955e-08,81.29284602310508
4497,4891,3.195537233291181e-05,2.844696723484908e-05,3.0229306945187954e-07,4.8547440354393357e-08,81.3103340882808
4498,4892,3.194900567441117e-05,2.8456313602425986e-05,3.011175460457403e-07,4.8151661152778024e-08,81.32784774620086
4499,4893,3.1946469166982e-05,2.8426127087313982e-05,3.02748797155462e-07,4.928541081133997e-08,81.34545015543699
4500,4894,3.193995402459073e-05,2.8438081581130216e-05,3.0211046348714896e-07,4.807678085890248e-08,81.36292419582605
4501,4896,3.193621483254134e-05,2.846267492055179e-05,3.0008518997916336e-07,4.7268801219791475e-08,81.38513226434588
4502,4897,3.1932410295137396e-05,2.8461465249827675e-05,2.9973504918726866e-07,4.735945534370342e-08,81.40190889686346
4503,4898,3.192854340355339e-05,2.845947824855352e-05,2.996183405481896e-07,4.728817495179723e-08,81.41868577059358
4504,4900,3.1927721152215934e-05,2.8458090180368348e-05,2.989206396651546e-07,4.804245751960404e-08,81.44091375358403
4505,4901,3.1924524613203933e-05,2.8460298525429723e-05,2.986946191355258e-07,4.7727989641895605e-08,81.45775095745921
4506,4902,3.192025976952255e-05,2.8451378147429547e-05,2.9911757444357377e-07,4.777058776572612e-08,81.4745904840529
4507,4903,3.1916166864379665e-05,2.845711540698121e-05,2.9847103517351464e-07,4.7434110566330935e-08,81.4916043812409
4508,4904,3.191156492201343e-05,2.8459315932942327e-05,2.98251243189142e-07,4.6973655717968856e-08,81.50857745017856
4509,4906,3.191038348240482e-05,2.84613289893143e-05,2.9805033645107887e-07,4.6855112857972796e-08,81.5310982586816
4510,4907,3.190673726112805e-05,2.845284544333162e-05,2.9921321508598396e-07,4.617596669365936e-08,81.54817167948931
4511,4908,3.190417291639694e-05,2.8446469441554225e-05,2.998960146896462e-07,4.587433279462464e-08,81.56520651932806
4512,4909,3.189980869303435e-05,2.8420510030632653e-05,3.0246639308884367e-07,4.546347315132664e-08,81.58220476470888
4513,4910,3.18962501135881e-05,2.8409226733654216e-05,3.032856682875183e-07,4.5416669705869804e-08,81.60003151651472
4514,4911,3.189024423480596e-05,2.839260384849103e-05,3.0421468394348564e-07,4.5549354688007044e-08,81.6171576809138
4515,4913,3.188858338413702e-05,2.837696336181318e-05,3.051042514790007e-07,4.605775075338348e-08,81.63998488150537
4516,4914,3.187505214555787e-05,2.8336146652695417e-05,3.0589011540620946e-07,4.800043388003613e-08,81.65712970402092
4517,4915,3.1863119477904515e-05,2.833744080962908e-05,3.052322225104992e-07,4.733564431704444e-08,81.67476393934339
4518,4916,3.184202479644255e-05,2.8324145547643746e-05,3.060448596865909e-07,4.574306519328979e-08,81.69204103387892
4519,4917,3.1825494080326464e-05,2.831926593210795e-05,3.0574718987396236e-07,4.487562494788913e-08,81.70998587366194
4520,4918,3.180635298499317e-05,2.8267596602046864e-05,3.0977411255809173e-07,4.410152573653909e-08,81.72812607046217
4521,4919,3.177957078625678e-05,2.824965650606158e-05,3.1085700144546304e-07,4.213442657405691e-08,81.7453756025061
4522,4920,3.175720454354002e-05,2.822341935871331e-05,3.103491935437184e-07,4.302932493895236e-08,81.7627565599978
4523,4922,3.1733583561471765e-05,2.817054964802242e-05,3.149226937876065e-07,4.1380697557327785e-08,81.78718657791615
4524,4923,3.17163542741463e-05,2.817656584595359e-05,3.1351505352978694e-07,4.0463789289484064e-08,81.80464069824666
4525,4924,3.1697321249181375e-05,2.8187188933710175e-05,3.095991159829692e-07,4.1414115564150965e-08,81.82212459016591
4526,4925,3.1683553667715016e-05,2.8187615682874576e-05,3.0901429778134793e-07,4.057950070269592e-08,81.83968406450003
4527,4926,3.167167430213198e-05,2.816296841124705e-05,3.1015120652059946e-07,4.0719382567893985e-08,81.85720463655889
4528,4927,3.165315070383332e-05,2.814224784085035e-05,3.1047090468973946e-07,4.061938160855721e-08,81.8748410884291
4529,4928,3.164085595748059e-05,2.8105670384519157e-05,3.1283303750592286e-07,4.068551979022009e-08,81.89246943313628
4530,4929,3.1624968130303485e-05,2.8084459279617993e-05,3.121527211118338e-07,4.189816395671577e-08,81.91008402500302
4531,4930,3.160910043142034e-05,2.8060236280536243e-05,3.1171328834831995e-07,4.3173126740090133e-08,81.92771645821631
4532,4931,3.1588689646970055e-05,2.8040780073779053e-05,3.103855379755716e-07,4.440541934352864e-08,81.9453245960176
4533,4933,3.1571268631779825e-05,2.799613392350878e-05,3.12744838963031e-07,4.476863186407391e-08,81.96912490203977
4534,4934,3.154219798827322e-05,2.796185594767978e-05,3.1428508065207146e-07,4.374912340727259e-08,81.98673694115132
4535,4936,3.152803340416686e-05,2.791183214273802e-05,3.151365024186438e-07,4.64836237242396e-08,82.01034688018262
4536,4937,3.150609481953157e-05,2.7859189796676492e-05,3.186182297496836e-07,4.60722725358247e-08,82.02796432282776
4537,4938,3.148659922660866e-05,2.7797165492877118e-05,3.233425030444781e-07,4.560087032867568e-08,82.04600686021149
4538,4939,3.147229551664507e-05,2.778498096757042e-05,3.2221150272496006e-07,4.651995218250493e-08,82.06363913882524
4539,4940,3.14568619165791e-05,2.771301141822552e-05,3.231978523082302e-07,5.1187197527128105e-08,82.08120191469789
4540,4941,3.144096343791245e-05,2.7678632439914473e-05,3.258172888460309e-07,5.0415810953766264e-08,82.09917923808098
4541,4942,3.142193250199119e-05,2.769373933157915e-05,3.228110914511176e-07,5.00082255900865e-08,82.1167362453416
4542,4943,3.139575056789052e-05,2.764047186136635e-05,3.2584188851829605e-07,4.968598213412142e-08,82.13430129457265
4543,4944,3.13718904955636e-05,2.7557344302220852e-05,3.30662799896748e-07,5.079181943752705e-08,82.15242136828601
4544,4945,3.1358230122853844e-05,2.751310195302463e-05,3.3775105092318985e-07,4.6761766059731655e-08,82.16988113336265
4545,4946,3.1336156474336526e-05,2.7477620641796302e-05,3.3687265123350174e-07,4.898093202052067e-08,82.18744069430977
4546,4947,3.131659372975016e-05,2.7425769164026866e-05,3.38639451305325e-07,5.044300526700459e-08,82.20498629007488
4547,4948,3.128696554401692e-05,2.7393572693620642e-05,3.3810118020217695e-07,5.123810483745061e-08,82.2225365228951
4548,4949,3.125205752140277e-05,2.7303416223738522e-05,3.4498688097428327e-07,4.987724879214208e-08,82.24012237600982
4549,4950,3.1211682219207724e-05,2.7221194935415377e-05,3.4940160036759427e-07,4.964712801164061e-08,82.25766633544117
4550,4952,3.118246556717823e-05,2.714101764456611e-05,3.538846188863991e-07,5.0260173374812516e-08,82.28130431473255
4551,4953,3.1147549063137247e-05,2.713502402940415e-05,3.5399395748794213e-07,4.7258545885367703e-08,82.29890450369567
4552,4954,3.1132547803538424e-05,2.710353989623902e-05,3.476888741953776e-07,5.5211916534562656e-08,82.3165042269975
4553,4955,3.107953711015615e-05,2.7042462400347663e-05,3.497011312980888e-07,5.400633968275979e-08,82.33408588450402
4554,4956,3.105953898368596e-05,2.7105843306990627e-05,3.496359234492732e-07,4.573364422025989e-08,82.35175917949528
4555,4957,3.097417839447559e-05,2.7017003211139944e-05,3.475433543943445e-07,4.81741639392202e-08,82.36936014983803
4556,4958,3.09297467345183e-05,2.6903511865851015e-05,3.4510962323538247e-07,5.7513863631346033e-08,82.38751019537449
4557,4959,3.0857613931086124e-05,2.6904317466328747e-05,3.4053116569102106e-07,5.479848078471674e-08,82.4051275048405
4558,4960,3.075072502242415e-05,2.6803495517163e-05,3.423396231269318e-07,5.238332739918363e-08,82.42268487904221
4559,4961,3.063809259204412e-05,2.66977761405622e-05,3.376668056086545e-07,5.636483953953755e-08,82.44020507019013
4560,4962,3.059698890581805e-05,2.661321757224376e-05,3.3185920701606656e-07,6.651792634136247e-08,82.45773643627763
4561,4963,3.0512441181009225e-05,2.6631828119508622e-05,3.329457204505164e-07,5.5115585699543916e-08,82.47539196442813
4562,4964,3.0380054443861404e-05,2.646077397890642e-05,3.400107985997736e-07,5.191724789572462e-08,82.49295302852988
4563,4965,3.034191018245551e-05,2.6449036861650763e-05,3.334348402155688e-07,5.5852491864905935e-08,82.5105259027332
4564,4967,3.0224924278438068e-05,2.6447253977613232e-05,3.24400982683913e-07,5.336604739857077e-08,82.53422113321722
4565,4968,3.017488527832251e-05,2.641290279032073e-05,3.296718956843334e-07,4.652635311584502e-08,82.55190164037049
4566,4969,3.012493069947291e-05,2.6356612658242585e-05,3.2679256849129385e-07,5.0039235631738316e-08,82.56940063089132
4567,4970,3.008764826162412e-05,2.632466420456347e-05,3.194301944120977e-07,5.6868211293967054e-08,82.58701258804649
4568,4971,3.0037025337347343e-05,2.6339589702748414e-05,3.190698343061646e-07,5.067372915372833e-08,82.60456702392548
4569,4972,3.0002369847135267e-05,2.6334011654088995e-05,3.1844453261116494e-07,4.8391286693462385e-08,82.62214381527156
4570,4974,2.9977335107284926e-05,2.6292008439548168e-05,3.1721000389506276e-07,5.1322662878613294e-08,82.6458610324189
4571,4975,2.9926978309848084e-05,2.6274638379580578e-05,3.0884710241717245e-07,5.638689060957814e-08,82.66339709702879
4572,4976,2.9892674273765156e-05,2.625341197812311e-05,3.0976204826710983e-07,5.416418129709513e-08,82.68093460984528
4573,4977,2.9858708757659748e-05,2.6264949624848254e-05,3.0636557062012916e-07,5.3010342661020336e-08,82.69860857352614
4574,4978,2.981926595964773e-05,2.6237620488643972e-05,3.0782357897437426e-07,5.0340968126001634e-08,82.71650176309049
4575,4979,2.9795652020335257e-05,2.6204747787273447e-05,3.113761786774742e-07,4.771424462870696e-08,82.73405836336315
4576,4980,2.9775760683108183e-05,2.61853940433298e-05,3.126934136040834e-07,4.634325037375517e-08,82.75173441320658
4577,4981,2.9762127534983182e-05,2.6146721885810176e-05,3.1428077470435933e-07,4.725979021294119e-08,82.76925896387547
4578,4982,2.9749911495449467e-05,2.6124534635059513e-05,3.166750384123866e-07,4.586264762660882e-08,82.7868923433125
4579,4983,2.972895757618629e-05,2.6098325527701122e-05,3.16608456741662e-07,4.645474810685482e-08,82.80443821009248
4580,4984,2.9699379684159836e-05,2.6057865224005382e-05,3.185517366145951e-07,4.559970940085023e-08,82.8220244711265
4581,4985,2.9666521257700964e-05,2.60030432526988e-05,3.1857931114946307e-07,4.776848935075313e-08,82.83962576277554
4582,4986,2.9633510420343343e-05,2.5932076102783582e-05,3.207929528067016e-07,4.9350478949274445e-08,82.8571898303926
4583,4987,2.9604535518920535e-05,2.584521823631302e-05,3.236181055759477e-07,5.231362268480367e-08,82.87476609274745
4584,4988,2.958165063758577e-05,2.5825564328828948e-05,3.227888226068004e-07,5.281980826888163e-08,82.89231087453663
4585,4989,2.9552568654447906e-05,2.5767569044174238e-05,3.2496398659658937e-07,5.353597443077757e-08,82.90986682102084
4586,4990,2.9542826053910996e-05,2.567052828372411e-05,3.3128490932052294e-07,5.5944867698165977e-08,82.92744426522404
4587,4991,2.951121485989113e-05,2.5662036911775383e-05,3.297721887125009e-07,5.514560609907351e-08,82.94514337833971
4588,4992,2.948636675745603e-05,2.5655969552203372e-05,3.2685037341962464e-07,5.618934710564154e-08,82.96291564591229
4589,4993,2.9459444450829215e-05,2.5624013369706865e-05,3.2822796627809675e-07,5.5315141834138404e-08,82.9804661506787
4590,4994,2.943734131681137e-05,2.5584196161152772e-05,3.270753236336514e-07,5.8239191932208053e-08,82.99806542415172
4591,4995,2.942542638046427e-05,2.5603673419485433e-05,3.2676086604515915e-07,5.5414430052724685e-08,83.01571709290147
4592,4996,2.9400521024699784e-05,2.556008932862442e-05,3.2797152969135547e-07,5.607163991618113e-08,83.03324236534536
4593,4997,2.938335386670035e-05,2.5547589402066905e-05,3.270271903424015e-07,5.6549256120942866e-08,83.05106244422495
4594,4998,2.9367232032847866e-05,2.5500288356317207e-05,3.298339634609836e-07,5.686040419208229e-08,83.06947395112365
4595,4999,2.9352473965608073e-05,2.551694936297879e-05,3.2748389301888895e-07,5.606856724403949e-08,83.08697459474206
4596,5000,2.9336905157400806e-05,2.5503382571128903e-05,3.265418095109755e-07,5.6810449116214785e-08,83.10447454638779
4597,5001,2.931351715934019e-05,2.548610960073667e-05,3.2578366304910557e-07,5.6957092811246495e-08,83.12206181883812
4598,5002,2.92974130179243e-05,2.54591502086552e-05,3.256211326914127e-07,5.820514823549691e-08,83.13960162363946
4599,5003,2.9271801472814512e-05,2.543046561632615e-05,3.24532584875625e-07,5.960100077321138e-08,83.15719046629965
4600,5004,2.9250134697378234e-05,2.5384413101759858e-05,3.2523365626330076e-07,6.133850329853696e-08,83.17558797542006
4601,5005,2.923062074876635e-05,2.5357222802118217e-05,3.250032237402529e-07,6.23365709245605e-08,83.19314315076917
4602,5006,2.9202439406552193e-05,2.5334764016322164e-05,3.247906196207585e-07,6.197691940224444e-08,83.21066355705261
4603,5007,2.9152900141268866e-05,2.530719664838332e-05,3.2211512367608647e-07,6.245522561246803e-08,83.22821698989719
4604,5008,2.9081111340282448e-05,2.5275195001296368e-05,3.2045746758025703e-07,6.013416631835116e-08,83.24586440715939
4605,5010,2.9030940281102876e-05,2.5227824008760697e-05,3.1466682749263497e-07,6.564479974158285e-08,83.26996387913823
4606,5011,2.8962989619765385e-05,2.5201848169916504e-05,3.1280244530074913e-07,6.331169968413887e-08,83.28754044510424
4607,5012,2.8916251489109847e-05,2.5186106459783855e-05,3.076614450419214e-07,6.535305789067768e-08,83.30512556806207
4608,5013,2.8857280940738587e-05,2.512239849992914e-05,3.0934244651359554e-07,6.414579756734941e-08,83.32265432924032
4609,5014,2.876645296646446e-05,2.503792494092269e-05,3.102490516544845e-07,6.260375089969276e-08,83.34020811039954
4610,5015,2.87103835811306e-05,2.497828233874139e-05,3.0715662723557564e-07,6.605349700334568e-08,83.35776335373521
4611,5016,2.8627745835717885e-05,2.491337199565356e-05,3.06965881687751e-07,6.447150231868146e-08,83.37534032389522
4612,5017,2.8571232769681905e-05,2.4788590641630904e-05,3.009826858373153e-07,7.728152696778447e-08,83.39386232290417
4613,5018,2.8498490520272083e-05,2.4726553468305797e-05,3.0488796532631436e-07,7.230573987031451e-08,83.4114077752456
4614,5019,2.844220403454026e-05,2.462810126709249e-05,3.1257481202077347e-07,6.883546472400343e-08,83.42894369922578
4615,5020,2.8371008595539323e-05,2.4530302336391888e-05,3.1221768869035594e-07,7.185293722438739e-08,83.44654907286167
4616,5022,2.8340512855940736e-05,2.4477579966298978e-05,3.13438047266523e-07,7.285524169765276e-08,83.47021028585732
4617,5023,2.8301078323411937e-05,2.443307600767729e-05,3.13066378941723e-07,7.373385263174182e-08,83.48780605848879
4618,5024,2.825605379982944e-05,2.4352345806766035e-05,3.1654911122030863e-07,7.382168808603175e-08,83.50535939726979
4619,5025,2.8212140557663985e-05,2.4294820594919382e-05,3.147763026174777e-07,7.69556936569826e-08,83.52301415428519
4620,5026,2.8178856150327906e-05,2.4236687697249793e-05,3.1322426147399614e-07,8.099258383381538e-08,83.5405615773052
4621,5027,2.815023133687364e-05,2.4222314745827145e-05,3.0730570016118696e-07,8.548595894346279e-08,83.55813468527049
4622,5028,2.8120148358915405e-05,2.4246978114598316e-05,3.058730981691351e-07,8.144392626257359e-08,83.57653180602938
4623,5029,2.8076104572011112e-05,2.4216808653192483e-05,3.0582357526941e-07,8.01060166124528e-08,83.59408186841756
4624,5030,2.801594669689705e-05,2.4189353581346437e-05,3.0495661952803427e-07,7.770269202702723e-08,83.61161323357373
4625,5031,2.796385699838946e-05,2.413382997896099e-05,3.049578011723635e-07,7.804490077048337e-08,83.62915865983814
4626,5032,2.791925468207566e-05,2.4071901823192783e-05,3.0724056715896133e-07,7.749471872932637e-08,83.64672616869211
4627,5033,2.7883155182042723e-05,2.4009686612001304e-05,3.084110987061679e-07,7.893575829797373e-08,83.66438687499613
4628,5034,2.7875448813006372e-05,2.3919034513760843e-05,3.13295853829793e-07,8.234557609476002e-08,83.68199048284441
4629,5035,2.7846083851277058e-05,2.3898466003031153e-05,3.1123854671429054e-07,8.352323811030004e-08,83.69962097425014
4630,5036,2.783135596436314e-05,2.3962107748614334e-05,3.072817896168506e-07,7.964303195802995e-08,83.71723124850541
4631,5037,2.7811593425107073e-05,2.3937581822209265e-05,3.0726387423506e-07,8.013728605472093e-08,83.73480594716966
4632,5038,2.7779330596463917e-05,2.3903748534203965e-05,3.0627881795090233e-07,8.12793882750929e-08,83.75250439811498
4633,5040,2.7773397874010092e-05,2.3913127924241102e-05,3.0560930628683036e-07,8.04176886900686e-08,83.77614210080355
4634,5041,2.775795098548878e-05,2.39050488070487e-05,3.046731315879374e-07,8.061708625607085e-08,83.79412645939738
4635,5042,2.7744167568900915e-05,2.3931965464110265e-05,3.007864914372252e-07,8.043371904183979e-08,83.81168453488499
4636,5043,2.7729539586992805e-05,2.390382547514099e-05,3.006493492349782e-07,8.192206195020345e-08,83.829201891087
4637,5044,2.7715144187795504e-05,2.3890403595254066e-05,3.0165944830647746e-07,8.081461094766625e-08,83.84723620768636
4638,5045,2.7688346091269138e-05,2.3855643263416672e-05,3.0427778737604794e-07,7.899249540919867e-08,83.8647689493373
4639,5046,2.7671951816121552e-05,2.3840916708383e-05,3.071286178700814e-07,7.597489290377385e-08,83.88232663832605
4640,5047,2.7648072664853888e-05,2.380612729266378e-05,3.0967956525647397e-07,7.451497196253655e-08,83.89993192348629
4641,5048,2.7615441089075142e-05,2.3742354114523353e-05,3.1253543913473344e-07,7.477325832044545e-08,83.91749220713973
4642,5049,2.759498934549472e-05,2.37073919058138e-05,3.1648101410685576e-07,7.227872986123626e-08,83.93506734538823
4643,5050,2.7573837489911532e-05,2.3684420040207927e-05,3.161245598519956e-07,7.281718511836508e-08,83.95281689334661
4644,5051,2.7548172154609986e-05,2.3630185454509807e-05,3.1739885760034525e-07,7.439981240967279e-08,83.97047103010118
4645,5052,2.7525007523602714e-05,2.3605648024026145e-05,3.184436425142767e-07,7.349230744338019e-08,83.98815068881959
4646,5053,2.750643250539775e-05,2.3596144164849284e-05,3.170448755667921e-07,7.398395848805442e-08,84.00569177884609
4647,5054,2.748250305925728e-05,2.36161756333671e-05,3.125695185796365e-07,7.406322400938185e-08,84.02323628775775
4648,5055,2.746349360430672e-05,2.363387400561507e-05,3.0870554371404935e-07,7.425641615511591e-08,84.04081995692104
4649,5056,2.7440129036856803e-05,2.363899915046973e-05,3.0648966138897566e-07,7.362332724973179e-08,84.05835453886539
4650,5057,2.741515199986831e-05,2.3623264864350454e-05,3.0750537554344023e-07,7.168333800834525e-08,84.07593094650656
4651,5058,2.7397092381010633e-05,2.357110986212143e-05,3.1225395888821714e-07,7.034429300070345e-08,84.09351002518088
4652,5059,2.738045086801094e-05,2.35281484802401e-05,3.154488402749442e-07,6.978139850214022e-08,84.11108760535717
4653,5060,2.7362992346535063e-05,2.3467319561346247e-05,3.1965563180141697e-07,6.991164671746486e-08,84.12861319538206
4654,5061,2.7340517126120194e-05,2.3384875813809654e-05,3.2310316194852264e-07,7.246096928253144e-08,84.14624564442784
4655,5062,2.7323530640528184e-05,2.3363280236333538e-05,3.2185404410073196e-07,7.417099631873267e-08,84.16380061302334
4656,5063,2.7302357632838512e-05,2.3324851680395898e-05,3.2114525568182085e-07,7.660533956244052e-08,84.18142111040652
4657,5064,2.7275309831626042e-05,2.3284673822301598e-05,3.193223991588151e-07,7.974120177362942e-08,84.1990300025791
4658,5065,2.724358115658604e-05,2.3219701186206756e-05,3.2047229716446604e-07,8.19156998734623e-08,84.21660364791751
4659,5066,2.7222270634132768e-05,2.319520250165934e-05,3.19400831979258e-07,8.3305981268085e-08,84.23413988482207
4660,5067,2.720660309421555e-05,2.3162196301700944e-05,3.2133784162700083e-07,8.310283762445964e-08,84.2523371335119
4661,5068,2.7194525384885216e-05,2.3131702353636025e-05,3.2340885461712966e-07,8.287344850778949e-08,84.26989264413714
4662,5069,2.7180470509608048e-05,2.3107771240612448e-05,3.241740480750742e-07,8.309587882448562e-08,84.2875582948327
4663,5070,2.7167119677203744e-05,2.3071225197632067e-05,3.2563630848670375e-07,8.395313947046413e-08,84.30522178020328
4664,5071,2.7155047914063427e-05,2.303494583980966e-05,3.262311559259262e-07,8.577905149945077e-08,84.32289803680032
4665,5073,2.7148870816256196e-05,2.3011624307763825e-05,3.2449763950335514e-07,8.922701134588196e-08,84.34746405761689
4666,5074,2.7133893566068218e-05,2.2973392539050366e-05,3.2642948930162355e-07,8.962061340016132e-08,84.36549590621144
4667,5075,2.7112423773009804e-05,2.2929775406400967e-05,3.2726663214869484e-07,9.099820451218882e-08,84.38360904436558
4668,5076,2.7094236051037886e-05,2.2864922216532513e-05,3.320721373745463e-07,9.085924607599095e-08,84.40127677470446
4669,5077,2.7079706328726403e-05,2.2836455326255327e-05,3.3153924713378243e-07,9.278585311332526e-08,84.41906636673957
4670,5078,2.7069723875972196e-05,2.2815160972280096e-05,3.3255212392003567e-07,9.290416644917434e-08,84.4365608356893
4671,5079,2.706048120278937e-05,2.2804238068843367e-05,3.317978499569775e-07,9.382646343762286e-08,84.45424949005246
4672,5081,2.70566577654254e-05,2.2799872245806842e-05,3.317059390336988e-07,9.397261292815698e-08,84.47822407539934
4673,5082,2.705075799135172e-05,2.277229770187202e-05,3.3463163522817535e-07,9.321439371979465e-08,84.49664177466184
4674,5083,2.7040415310654782e-05,2.2757088753286322e-05,3.361855493656594e-07,9.214710637118664e-08,84.5149486772716
4675,5084,2.7028594299678387e-05,2.2729740476183105e-05,3.359489249905409e-07,9.393645735898717e-08,84.53269580472261
4676,5085,2.7017807603134787e-05,2.2690597821932225e-05,3.378881556435436e-07,9.483282247671263e-08,84.55035938415676
4677,5086,2.701111393336542e-05,2.2677828307814756e-05,3.3656932777006444e-07,9.675923478500208e-08,84.56794829014689
4678,5087,2.700477959253585e-05,2.2671302195948526e-05,3.356391634800682e-07,9.770857617866393e-08,84.58549381606281
4679,5088,2.699862640417949e-05,2.2668872792090635e-05,3.363374300333454e-07,9.663793117554006e-08,84.60312478430569
4680,5089,2.6992903567063613e-05,2.2665677746249036e-05,3.3697365822252663e-07,9.574892385893106e-08,84.62071601487696
4681,5090,2.698744924162015e-05,2.2655689643743767e-05,3.3783528433196185e-07,9.53406754556763e-08,84.63829723186791
4682,5091,2.6981408317528306e-05,2.2643547695748512e-05,3.3928166880029427e-07,9.45043933776848e-08,84.65594267752022
4683,5092,2.6974795663983287e-05,2.2637578498261583e-05,3.384712292909523e-07,9.525048728121804e-08,84.67345762532204
4684,5093,2.6957774611731393e-05,2.2614494452926744e-05,3.380839602756572e-07,9.624405560480765e-08,84.69101867266
4685,5094,2.6950094090448348e-05,2.2612279045576806e-05,3.379737919491084e-07,9.580771253804565e-08,84.70851747412235
4686,5095,2.6924325113367873e-05,2.2571603034436623e-05,3.3975222605291667e-07,9.551998184020832e-08,84.72604027111083
4687,5096,2.6900298533475087e-05,2.2539233388332734e-05,3.429699227521255e-07,9.313659176210979e-08,84.74366597738117
4688,5097,2.688033776684296e-05,2.252312006513895e-05,3.460987359909819e-07,8.962303417941902e-08,84.76206533703953
4689,5098,2.6871435040372227e-05,2.2504925954970495e-05,3.4917923440040156e-07,8.747167413977174e-08,84.77956753782928
4690,5099,2.6859748100494104e-05,2.2505785389214763e-05,3.494170735335037e-07,8.597919759443042e-08,84.79716655332595
4691,5100,2.6852973270239334e-05,2.2511679339560664e-05,3.461119496531799e-07,8.801744341468717e-08,84.8147038705647
4692,5101,2.6844934936204623e-05,2.249353801156724e-05,3.477222908395866e-07,8.741740162415169e-08,84.83225303608924
4693,5102,2.68358289516497e-05,2.247455373306245e-05,3.4943468450079417e-07,8.669283735793074e-08,84.84989963378757
4694,5103,2.682768782138093e-05,2.2460482289565976e-05,3.4855282439343617e-07,8.816772878805909e-08,84.86847437173128
4695,5104,2.681568791937031e-05,2.243473307706162e-05,3.485492174492925e-07,8.954626678157661e-08,84.88591622747481
4696,5105,2.6801597061360523e-05,2.2412052109677276e-05,3.4814835266974134e-07,9.080614249858334e-08,84.90355448331684
4697,5106,2.6790219625009337e-05,2.237940640932356e-05,3.507257901481986e-07,9.03555314203791e-08,84.92114346660674
4698,5107,2.678175713892235e-05,2.2367928788972457e-05,3.5184222184421764e-07,8.954061315077153e-08,84.93879321869463
4699,5108,2.677385071994201e-05,2.2358188724573456e-05,3.5192701164759926e-07,8.963918788925619e-08,84.95654864609241
4700,5109,2.6765883126513994e-05,2.235382553742653e-05,3.5144087967134e-07,8.976487923740647e-08,84.97420668415725
4701,5110,2.6752245641013786e-05,2.2342386935217676e-05,3.521806867984911e-07,8.880518378111999e-08,84.99184965156019
4702,5111,2.6735755800849234e-05,2.233291534497845e-05,3.520112268849404e-07,8.827281870213813e-08,85.00947950221598
4703,5112,2.6718200485914224e-05,2.2296278716122493e-05,3.55312426918403e-07,8.687975006076981e-08,85.0278009576723
4704,5113,2.66994640599075e-05,2.226668287856426e-05,3.5876410542639637e-07,8.451401270792735e-08,85.04520797170699
4705,5114,2.668133282617847e-05,2.2235596991285945e-05,3.6073124393036043e-07,8.384233955889218e-08,85.06278206314892
4706,5115,2.6657892034009053e-05,2.217388116540874e-05,3.6520115262823037e-07,8.319993423180118e-08,85.08028950821608
4707,5116,2.663869428401883e-05,2.2143583918139723e-05,3.647122409333003e-07,8.479879565461046e-08,85.0984644992277
4708,5117,2.6616977566116273e-05,2.2078374884143826e-05,3.6907150586806437e-07,8.478876232918018e-08,85.11741387005895
4709,5118,2.6598433577149412e-05,2.2075644557661928e-05,3.6726074714941156e-07,8.501815479933692e-08,85.13549295719713
4710,5119,2.658615093995889e-05,2.207115511142517e-05,3.6672296062617163e-07,8.477662222720011e-08,85.15315958391875
4711,5120,2.657050005422987e-05,2.2061382570918725e-05,3.645723984267516e-07,8.63393499043629e-08,85.17069455608726
4712,5121,2.654529293977038e-05,2.2026678850400537e-05,3.6559522805032196e-07,8.626618088666214e-08,85.18820407800376
4713,5122,2.649402626387778e-05,2.1946565200712905e-05,3.6568521826499585e-07,8.906088805149175e-08,85.20585002377629
4714,5123,2.642898456103986e-05,2.1853230795676186e-05,3.6633120642124283e-07,9.124417011512434e-08,85.22338200826198
4715,5124,2.6353141226272416e-05,2.181969695581629e-05,3.6087594267928584e-07,9.246848436632673e-08,85.24093582201749
4716,5126,2.630531986267414e-05,2.1776044382751244e-05,3.5941513429066497e-07,9.351241370162505e-08,85.26516507938504
4717,5127,2.6207429216630128e-05,2.179982555950538e-05,3.517631244182624e-07,8.899724129421259e-08,85.28316292259842
4718,5128,2.6134258295819735e-05,2.1789941218469487e-05,3.4964131639984043e-07,8.47903913351842e-08,85.30071312375367
4719,5130,2.6047974261910062e-05,2.171660990111747e-05,3.4598852699173083e-07,8.71479090875283e-08,85.3243235675618
4720,5131,2.5996214930781445e-05,2.1720284880941918e-05,3.4452014513371655e-07,8.307285985023587e-08,85.34186521079391
4721,5132,2.597111632336924e-05,2.1634374972956236e-05,3.5075920059578694e-07,8.291493444551366e-08,85.35953589528799
4722,5133,2.5904422755778668e-05,2.163454134903303e-05,3.424145557791079e-07,8.457358489545558e-08,85.37708270270377
4723,5134,2.5881704890764643e-05,2.1582004564045462e-05,3.4356190133082804e-07,8.640813134108991e-08,85.39469105284661
4724,5135,2.5846966133138176e-05,2.155129428354574e-05,3.4352477833377123e-07,8.60424066254723e-08,85.41221061255783
4725,5136,2.5801212504237845e-05,2.147439509020148e-05,3.4362440033607576e-07,8.905734106756059e-08,85.42978280503303
4726,5137,2.5766879019345336e-05,2.140174338494382e-05,3.457043875300743e-07,9.080917591007741e-08,85.44740403071046
4727,5138,2.5737687525653157e-05,2.1304393294980596e-05,3.5173613797932754e-07,9.159328508792868e-08,85.46492850035429
4728,5139,2.571182435643369e-05,2.126534241382383e-05,3.551697199890739e-07,8.94784742719118e-08,85.48253571148962
4729,5140,2.56879770535378e-05,2.1210467266867497e-05,3.5938028534596786e-07,8.837069332106241e-08,85.50005367025733
4730,5141,2.567131538586668e-05,2.121400212694369e-05,3.5855609017288086e-07,8.717523571941821e-08,85.51760681904852
4731,5142,2.5651934957672347e-05,2.12228462390488e-05,3.594087277735734e-07,8.350014408878112e-08,85.53513304982334
4732,5143,2.563622803918211e-05,2.12333458986165e-05,3.5412705469876477e-07,8.616115935779652e-08,85.55275182332844
4733,5144,2.5625677717601954e-05,2.1210074995399144e-05,3.5624321885034156e-07,8.531705336993962e-08,85.5702520525083
4734,5145,2.5619694567928562e-05,2.1183253847287646e-05,3.582157811501091e-07,8.54282909139827e-08,85.58785077556968
4735,5146,2.5612219012110674e-05,2.1154092005746288e-05,3.602538678508037e-07,8.555883278563483e-08,85.6053976425901
4736,5147,2.5602217531210926e-05,2.111773813684303e-05,3.621015402500988e-07,8.634639918669044e-08,85.62297861464322
4737,5149,2.559376160684802e-05,2.110213771707285e-05,3.6255151744360224e-07,8.661087153391475e-08,85.64661621581763
4738,5150,2.5575447166025503e-05,2.1067115961940432e-05,3.617028921418907e-07,8.913022826661636e-08,85.66414987202734
4739,5151,2.555349682184619e-05,2.102315332643041e-05,3.600650987620858e-07,9.29692507794921e-08,85.68171257339418
4740,5152,2.5530899513105733e-05,2.097063429859974e-05,3.5862840872713233e-07,9.739811272346722e-08,85.6992472782731
4741,5153,2.5505482133057518e-05,2.0912483523275884e-05,3.568070397652712e-07,1.0249282121289207e-07,85.71677400916815
4742,5154,2.5468959848744097e-05,2.0813652952639893e-05,3.569535235391333e-07,1.0857716607128707e-07,85.7348109073937
4743,5155,2.5414776842308255e-05,2.071711944496386e-05,3.576756246853988e-07,1.1209011504904065e-07,85.7522993478924
4744,5156,2.5359909171355872e-05,2.0562353582868985e-05,3.567617499369106e-07,1.2299380891177807e-07,85.7698679920286
4745,5157,2.5296578345507525e-05,2.0574876093166085e-05,3.579426430592272e-07,1.1422758217491702e-07,85.7874007942155
4746,5158,2.5233237446402862e-05,2.060666559788065e-05,3.54729935839657e-07,1.0792724901256412e-07,85.80495392624289
4747,5159,2.5161125828787048e-05,2.0579869676728426e-05,3.581442270352581e-07,9.998138817060393e-08,85.82249365840107
4748,5161,2.512159176027787e-05,2.0568774631414027e-05,3.537625860070639e-07,1.015191268793202e-07,85.8461726969108
4749,5162,2.5059803197958313e-05,2.0521231215055056e-05,3.496407820522033e-07,1.0421641623812227e-07,85.86374388821423
4750,5163,2.501515049083475e-05,2.040373356795768e-05,3.5328413316877725e-07,1.0785755911892961e-07,85.88175655901432
4751,5164,2.4953736868043975e-05,2.0434412709995862e-05,3.4435697242713195e-07,1.0757544337767967e-07,85.90010082442313
4752,5165,2.4900502286096466e-05,2.0412709943228954e-05,3.435932702120977e-07,1.051859640746532e-07,85.91768656577915
4753,5166,2.480178697163933e-05,2.0389288165049857e-05,3.4995422877489323e-07,9.129565188405413e-08,85.9362912941724
4754,5167,2.4770300426607614e-05,2.0356240475831305e-05,3.5307770727060736e-07,8.83282878070237e-08,85.95448874402791
4755,5168,2.4720229948269485e-05,2.0329188232395875e-05,3.484874020542868e-07,9.06167695330743e-08,85.97207726351917
4756,5169,2.4697379747710234e-05,2.0303223632797348e-05,3.4452198742525334e-07,9.489362406603523e-08,85.9896358428523
4757,5170,2.46663128837525e-05,2.027697359360783e-05,3.422282508647758e-07,9.670567814969136e-08,86.00805534701794
4758,5171,2.4642364083179497e-05,2.0259173257640846e-05,3.425818864284643e-07,9.573719612540089e-08,86.02564497943968
4759,5172,2.4615000418008524e-05,2.026493285662616e-05,3.3938732082592286e-07,9.56194353123137e-08,86.04324749484658
4760,5173,2.4590368528272318e-05,2.0269294197141724e-05,3.3657653948975197e-07,9.55308936233076e-08,86.06090853083879
4761,5174,2.455463734671092e-05,2.028086453289435e-05,3.3179625094284296e-07,9.558103043881385e-08,86.07843706291169
4762,5176,2.4522489903930547e-05,2.0272553099751778e-05,3.340419392455684e-07,9.095174117230854e-08,86.10255621373653
4763,5177,2.446324694943085e-05,2.0300858993580437e-05,3.2644687142341345e-07,8.979192416162792e-08,86.12011618539691
4764,5178,2.4406503734989268e-05,2.0268099749958696e-05,3.2450250333620416e-07,8.933789516685317e-08,86.137684520334
4765,5179,2.4349827335683215e-05,2.0247789922777804e-05,3.250242442329167e-07,8.51794970576243e-08,86.15573485288769
4766,5180,2.4316763088861216e-05,2.02454274754269e-05,3.247138663974242e-07,8.241969494600735e-08,86.17325614579022
4767,5181,2.428779305161734e-05,2.0268742228907767e-05,3.241628713926016e-07,7.774221087835588e-08,86.1913575977087
4768,5182,2.4277738643718328e-05,2.0255175677081662e-05,3.2314821996426445e-07,7.910807669940202e-08,86.20894629135728
4769,5183,2.4250807113132235e-05,2.0228311890174372e-05,3.2492202256638574e-07,7.732749972940027e-08,86.22648648824543
4770,5184,2.42342995127766e-05,2.0230903611974936e-05,3.2219502472054606e-07,7.814456535962008e-08,86.24405964370817
4771,5185,2.4217651169431034e-05,2.021039792496557e-05,3.210737914698491e-07,7.965153297669749e-08,86.26168498583138
4772,5186,2.4196645376540895e-05,2.019996930103865e-05,3.1787351327819634e-07,8.179409427202853e-08,86.27927259728312
4773,5187,2.4180905809222546e-05,2.018611771692236e-05,3.1814270307197485e-07,8.133610615804393e-08,86.29685708228499
4774,5188,2.4164970123439302e-05,2.0183042459842906e-05,3.1769824570299725e-07,8.049452065664237e-08,86.31440564244986
4775,5189,2.414091331699561e-05,2.0185209382096287e-05,3.1621739770940295e-07,7.935299578052931e-08,86.3319259127602
4776,5190,2.411434305785657e-05,2.016329686682929e-05,3.1580839147580425e-07,7.929622762692397e-08,86.34956834279001
4777,5191,2.409338334325734e-05,2.017092457331203e-05,3.124955657019093e-07,7.975031129262139e-08,86.36711405590177
4778,5192,2.4066724914458098e-05,2.0129200514181464e-05,3.134482942240985e-07,8.030414580356486e-08,86.38463171478361
4779,5193,2.4049284421523073e-05,2.0063143157662636e-05,3.163913045664293e-07,8.222282181961454e-08,86.40258086659014
4780,5194,2.4031762594470364e-05,2.0026160062735257e-05,3.1697686850067264e-07,8.358338467283797e-08,86.42014851421118
4781,5195,2.40111909633824e-05,2.000249893457659e-05,3.149384619536905e-07,8.593074092689037e-08,86.43766845669597
4782,5196,2.3974774018624505e-05,1.9958206870994352e-05,3.153374937630789e-07,8.631922099993617e-08,86.45533953700215
4783,5197,2.3935175919544808e-05,1.9904895899784312e-05,3.162432560983103e-07,8.678474587773904e-08,86.47285971604288
4784,5198,2.3907238204309545e-05,1.9855120070260286e-05,3.173714922875228e-07,8.784032111740316e-08,86.49038685392588
4785,5199,2.3884511504476664e-05,1.9840061564274308e-05,3.1581629139535535e-07,8.862870262488029e-08,86.50798478163779
4786,5200,2.386629758160589e-05,1.9833152496546598e-05,3.1574209006395544e-07,8.757241844197376e-08,86.52553812880069
4787,5201,2.3852796489630145e-05,1.9823709987145694e-05,3.1467544821481265e-07,8.823320203363237e-08,86.54309069365263
4788,5202,2.3838505838539967e-05,1.9809337581243205e-05,3.1379541918754895e-07,8.912140654212726e-08,86.56073577515781
4789,5203,2.382378509524479e-05,1.9792968495487095e-05,3.118341551869326e-07,9.124750478883679e-08,86.57828697003424
4790,5204,2.3809805481364444e-05,1.976000148438932e-05,3.109263334774249e-07,9.40540662200873e-08,86.59590532444417
4791,5205,2.379770422302104e-05,1.9760431799589842e-05,3.085926433422165e-07,9.513459900090316e-08,86.61351092811674
4792,5206,2.3789809140814598e-05,1.9757185806830805e-05,3.0816075085708934e-07,9.510158254128993e-08,86.63104522228241
4793,5207,2.378446055605065e-05,1.9749167068009214e-05,3.086966590276619e-07,9.483268977648165e-08,86.64895794913173
4794,5208,2.3780144744922014e-05,1.9755225661764706e-05,3.085314601375122e-07,9.396044817821863e-08,86.66647081729025
4795,5209,2.377632313283402e-05,1.975571870583743e-05,3.0891854427780394e-07,9.314189842185493e-08,86.68403384648263
4796,5210,2.3770774958721724e-05,1.9766356395850843e-05,3.088894237558292e-07,9.155243253125879e-08,86.7015398144722
4797,5212,2.376723296767074e-05,1.977352605899268e-05,3.1056696084718546e-07,8.88037300206203e-08,86.72564879339188
4798,5213,2.3763108593312415e-05,1.976809189797342e-05,3.1045712685258164e-07,8.904454268131773e-08,86.74317241832614
4799,5214,2.375655647086916e-05,1.9766769464217762e-05,3.1111368523815984e-07,8.786501542698018e-08,86.76091477461159
4800,5215,2.3749769937276274e-05,1.9766321561013335e-05,3.118588735056813e-07,8.648596412061278e-08,86.77846124954522
4801,5216,2.3738634958895133e-05,1.9773646006005517e-05,3.127523287365729e-07,8.374656655238871e-08,86.79694305639714
4802,5217,2.3724820213573887e-05,1.976847826710373e-05,3.1189572231476324e-07,8.373847233225239e-08,86.81450382061303
4803,5218,2.3712694451542057e-05,1.9785640492072666e-05,3.121176733372039e-07,8.058772260973524e-08,86.83202724624425
4804,5219,2.3685190688831117e-05,1.9756004440288464e-05,3.101898820965111e-07,8.272874275775426e-08,86.84954285807908
4805,5220,2.3662899159856883e-05,1.9739922546735963e-05,3.072035358012203e-07,8.509412551087181e-08,86.86709305271506
4806,5221,2.364387410283621e-05,1.9714535138869305e-05,3.054844248422375e-07,8.7449471554453e-08,86.88457424845546
4807,5222,2.3628802376784455e-05,1.970185540924403e-05,3.057190236396004e-07,8.697567311444179e-08,86.9021219490096
4808,5223,2.361425111270211e-05,1.968973136137916e-05,3.0527894087097355e-07,8.717303426132114e-08,86.91966536641121
4809,5224,2.360187348574848e-05,1.9682145525102286e-05,3.063924541808459e-07,8.558034188377369e-08,86.93718059081584
4810,5225,2.35900295315155e-05,1.966259063212467e-05,3.0748934954511745e-07,8.525454039396568e-08,86.95482240151614
4811,5226,2.3581544460996684e-05,1.963864883997733e-05,3.077446166890354e-07,8.654494541290016e-08,86.97282077837735
4812,5227,2.357286569831245e-05,1.961733181295078e-05,3.078740801757921e-07,8.767930836037494e-08,86.99031286127865
4813,5228,2.3571208090066823e-05,1.9607381951726693e-05,3.0690467497236814e-07,8.947793886164485e-08,87.00793649535626
4814,5229,2.3564090373910205e-05,1.9606936686985898e-05,3.0716930990685295e-07,8.854605878557761e-08,87.02548901736736
4815,5230,2.3559815047687015e-05,1.9610609495530428e-05,3.071797765111779e-07,8.77407787044807e-08,87.04295552801341
4816,5231,2.3557621686789625e-05,1.961226189424125e-05,3.0717199052771416e-07,8.736398872712316e-08,87.06054806150496
4817,5232,2.3553602120077115e-05,1.9612118109832022e-05,3.073730587118683e-07,8.677534231264116e-08,87.07810178212821
4818,5233,2.3549768758102106e-05,1.9611252393749007e-05,3.0759661196075915e-07,8.625502447455076e-08,87.09564620815217
4819,5234,2.3543589684503763e-05,1.9607379702837308e-05,3.0780784457352184e-07,8.581315359312382e-08,87.11323814373463
4820,5235,2.3536529456413597e-05,1.959743385540613e-05,3.0694000723144407e-07,8.696955286930268e-08,87.13072556536645
4821,5236,2.35294038083827e-05,1.959544213730734e-05,3.0585726407796567e-07,8.753890302956994e-08,87.14823143649846
4822,5237,2.3522956709108517e-05,1.9596864204886838e-05,3.0347970855585046e-07,8.912954186631751e-08,87.16576900240034
4823,5238,2.3515883927513508e-05,1.9602230843524617e-05,3.0130969333032055e-07,9.005561506856875e-08,87.18329443689436
4824,5239,2.3509795322471616e-05,1.9612408866857788e-05,2.9911775027263014e-07,9.062089528875242e-08,87.20079316478223
4825,5240,2.3504545852407945e-05,1.961798542111128e-05,2.981923533839987e-07,9.046368974566802e-08,87.21831624768674
4826,5241,2.3498510385244428e-05,1.9621979683629513e-05,2.975756225721162e-07,9.007744758937535e-08,87.23581699561328
4827,5242,2.3489188671358693e-05,1.9621675684694723e-05,2.960610521042495e-07,9.069024656214723e-08,87.25398043077439
4828,5243,2.3482809181824102e-05,1.9622040259472666e-05,2.9660648556105267e-07,8.94704066740913e-08,87.27144639659673
4829,5244,2.3476558476843682e-05,1.9613669613523196e-05,2.9579537032947525e-07,9.049351600257339e-08,87.28895697090775
4830,5245,2.3470474993742927e-05,1.960393151891006e-05,2.9509283031494593e-07,9.156151716834072e-08,87.3064632108435
4831,5246,2.34657878498828e-05,1.9603321578671036e-05,2.942975252899224e-07,9.194910183125403e-08,87.32392078731209
4832,5247,2.345959335609171e-05,1.9606945995185064e-05,2.9370128650611674e-07,9.156344958454797e-08,87.34136678464711
4833,5248,2.3453655248098646e-05,1.961950289947698e-05,2.938303454228015e-07,8.958488943936486e-08,87.35899828746915
4834,5249,2.3448958136864113e-05,1.9620691424463584e-05,2.9389258036879347e-07,8.893409087125943e-08,87.37645458430052
4835,5250,2.344452043501171e-05,1.9613988322898347e-05,2.9587303302933514e-07,8.718017818200139e-08,87.39402872975916
4836,5251,2.3441409909199545e-05,1.9604169949692744e-05,2.965775387928315e-07,8.714645715784852e-08,87.41250577941537
4837,5252,2.3437190566239302e-05,1.9588265197883255e-05,2.977327684714593e-07,8.715976836414527e-08,87.42987656965852
4838,5253,2.3432631907445276e-05,1.9606789122788708e-05,2.9551891341346544e-07,8.706536505219138e-08,87.44728086329997
4839,5254,2.3425755750238507e-05,1.9579870202743607e-05,2.960984840770442e-07,8.849007067244591e-08,87.46490206941962
4840,5255,2.341887093653944e-05,1.958130613998765e-05,2.9605471675347044e-07,8.770176290170834e-08,87.48279525339603
4841,5256,2.341140780618514e-05,1.9590551237399057e-05,2.955100683803747e-07,8.657558849823368e-08,87.50023241061717
4842,5257,2.3403983385932404e-05,1.9599585851032695e-05,2.9356535881129334e-07,8.68743946786777e-08,87.51780310366303
4843,5258,2.3396191617932575e-05,1.9605965805126635e-05,2.92766828753028e-07,8.625575252756595e-08,87.53527755755931
4844,5259,2.3389967214797433e-05,1.9598987730940842e-05,2.926291600784347e-07,8.646878830722449e-08,87.56197889149189
4845,5260,2.338277681534135e-05,1.9594653136502973e-05,2.918405904450651e-07,8.697177743877247e-08,87.57986185606569
4846,5261,2.3378689921908803e-05,1.958776438034239e-05,2.914084712187774e-07,8.768408293786413e-08,87.59747515805066
4847,5262,2.337373737846219e-05,1.9571229317262258e-05,2.920957914649615e-07,8.81550146550314e-08,87.61503755114973
4848,5263,2.3368874196039255e-05,1.9570724240363123e-05,2.9179550999843884e-07,8.801948556917451e-08,87.63249006588012
4849,5264,2.336488079125286e-05,1.9563655722249423e-05,2.913273994325715e-07,8.87951074677721e-08,87.65038403123617
4850,5265,2.336038710627546e-05,1.9554183394819567e-05,2.920093299812563e-07,8.861104116433296e-08,87.66786681860685
4851,5266,2.3358945257534974e-05,1.952683390181594e-05,2.9281597943336505e-07,9.03951561385387e-08,87.68536119628698
4852,5267,2.3352104854677017e-05,1.9530819711901097e-05,2.9313752102884713e-07,8.899099324874505e-08,87.70286140870303
4853,5268,2.3347256236116294e-05,1.952895247779407e-05,2.938197405784294e-07,8.801063525379298e-08,87.72033330053091
4854,5269,2.3341894757217596e-05,1.9515561272816617e-05,2.953607715940195e-07,8.727257684607818e-08,87.7378126271069
4855,5270,2.333999935655715e-05,1.9509155042936198e-05,2.9629138398495273e-07,8.679304737714254e-08,87.7553950836882
4856,5271,2.333677844928705e-05,1.9498207990784676e-05,2.96362104740158e-07,8.749494111007962e-08,87.77289572451264
4857,5272,2.3335258638896324e-05,1.9496123014269094e-05,2.96150687775398e-07,8.776287468732479e-08,87.79040233418345
4858,5273,2.333355548849458e-05,1.948991480808566e-05,2.964237966446875e-07,8.794027139620441e-08,87.80787781439722
4859,5274,2.333145509799042e-05,1.9483746209996422e-05,2.9661565741032456e-07,8.815523138907539e-08,87.82539360411465
4860,5275,2.332941803024556e-05,1.9476193253366114e-05,2.961890837125046e-07,8.913339397544025e-08,87.84291497804224
4861,5276,2.3326395514213892e-05,1.9464321047457555e-05,2.971041039295672e-07,8.910334274606662e-08,87.86058635916561
4862,5277,2.332261381350697e-05,1.9463910934364794e-05,2.9612433068511346e-07,8.974595722910435e-08,87.87811666354537
4863,5278,2.3316923284965018e-05,1.9450302817470848e-05,2.955821895142604e-07,9.107985723515669e-08,87.89565049018711
4864,5279,2.3311841105791405e-05,1.9440193580409213e-05,2.958946441229215e-07,9.127010841529752e-08,87.91318414919078
4865,5280,2.3303633356582977e-05,1.9412428038599726e-05,2.974518626922194e-07,9.166866910610591e-08,87.93068477977067
4866,5281,2.3295238556269306e-05,1.938660020652171e-05,2.991732570577076e-07,9.169057791705177e-08,87.94818960130215
4867,5282,2.3285367673359716e-05,1.936660738099282e-05,3.00713154101681e-07,9.116287513500859e-08,87.96574249211699
4868,5283,2.3274282973784207e-05,1.935869154748191e-05,3.0150998756034317e-07,9.004915506988655e-08,87.9837969057262
4869,5284,2.327062770756623e-05,1.9351886515212945e-05,3.0251189831417985e-07,8.936222092114843e-08,88.00129061564803
4870,5285,2.3259325477394743e-05,1.9355478594692814e-05,3.020233280850243e-07,8.83613601851685e-08,88.01885123737156
4871,5286,2.3255035808740206e-05,1.9356243544000643e-05,3.0048471064998205e-07,8.93945158239742e-08,88.03711829800159
4872,5287,2.3250305498619314e-05,1.9361401917354625e-05,2.988604540104261e-07,9.002990411604279e-08,88.0549736013636
4873,5288,2.3248004332718908e-05,1.9352573022893364e-05,2.982729700972486e-07,9.127016088530582e-08,88.07246360462159
4874,5289,2.3245093325008683e-05,1.934280680684444e-05,2.9759774354108087e-07,9.263090827534345e-08,88.08989275805652
4875,5290,2.324137568211903e-05,1.9336862425368386e-05,2.964245969074257e-07,9.402672876763845e-08,88.10736488644034
4876,5291,2.3237206807224006e-05,1.932940127275488e-05,2.9611965398944713e-07,9.466089945746575e-08,88.12479300517589
4877,5292,2.323250404956633e-05,1.9325946264016168e-05,2.9539923464571316e-07,9.525654390930283e-08,88.142269407399
4878,5293,2.32260649909304e-05,1.9318754875985756e-05,2.9610393439452406e-07,9.46270770999402e-08,88.15989375021309
4879,5295,2.3222632478924786e-05,1.9315375326115314e-05,2.966149882853264e-07,9.411072699562055e-08,88.18341460265219
4880,5297,2.32203786582259e-05,1.929914007785882e-05,2.972499949749365e-07,9.48738630617713e-08,88.20741014182568
4881,5299,2.3219093263029602e-05,1.928862100584329e-05,2.9766363372300205e-07,9.538359199562937e-08,88.2309494689107
4882,5300,2.321252782904931e-05,1.9281215708800798e-05,2.983944194127263e-07,9.47367926121248e-08,88.24842010252178
4883,5301,2.3204686460762562e-05,1.9276767069774727e-05,2.994237668462554e-07,9.336817225252844e-08,88.26609476283193
4884,5302,2.320206922982486e-05,1.9269442575318578e-05,3.003555585544355e-07,9.290710689619261e-08,88.2835761802271
4885,5303,2.3197107648027172e-05,1.9268952927021985e-05,3.0140549963331804e-07,9.140997246720057e-08,88.30109870713204
4886,5304,2.3191166153121347e-05,1.9263636738264262e-05,3.0176708972661727e-07,9.098585175909113e-08,88.31864688359201
4887,5305,2.3187241691728565e-05,1.925649028016189e-05,3.027410734799406e-07,9.033406767672691e-08,88.33665256854147
4888,5306,2.3183676937108424e-05,1.9251397754494515e-05,3.0169905987749875e-07,9.152885838389218e-08,88.35493127536029
4889,5307,2.3179711332040986e-05,1.9246664619696e-05,3.008701793297276e-07,9.243449190477107e-08,88.37296841107309
4890,5308,2.3176209678782363e-05,1.9248347396584812e-05,2.993548003029799e-07,9.343142791677519e-08,88.3904040241614
4891,5309,2.3173537284477973e-05,1.923156830166436e-05,3.006962719317226e-07,9.35006263496385e-08,88.40803640242666
4892,5310,2.3168318604908548e-05,1.9241069780974958e-05,2.9991556659495823e-07,9.280931579840079e-08,88.42559331469238
4893,5311,2.3158865944808143e-05,1.9240189383170162e-05,2.992100299578367e-07,9.26576262059613e-08,88.44309083744884
4894,5312,2.3150432592342563e-05,1.9255254146907696e-05,3.007687218011683e-07,8.874912274231834e-08,88.4611997725442
4895,5313,2.3139647489172765e-05,1.9230467571824622e-05,3.013668480200183e-07,8.955114371479593e-08,88.47867288812995
4896,5314,2.3128984367825875e-05,1.919002053193058e-05,3.0438038372502065e-07,8.951599986450866e-08,88.49624772369862
4897,5316,2.3123344224347955e-05,1.91726705184096e-05,3.039142773581441e-07,9.115309323569158e-08,88.52038853708655
4898,5317,2.311563604321014e-05,1.9171042795329475e-05,3.0445848108762266e-07,9.000084370044415e-08,88.53794813714921
4899,5318,2.310300698399305e-05,1.915659811764109e-05,3.065727889562707e-07,8.806809767892544e-08,88.55554498359561
4900,5319,2.3089515091295523e-05,1.913445041643418e-05,3.0523861931975114e-07,9.026784816638303e-08,88.57301579415798
4901,5320,2.307275452963023e-05,1.9111920542930786e-05,3.052555468252758e-07,9.082785184466877e-08,88.59063373506069
4902,5321,2.305404388333378e-05,1.908564808495924e-05,3.057419552620121e-07,9.109762457544193e-08,88.60807984974235
4903,5322,2.3032897317308997e-05,1.9074232025138574e-05,3.049537278846558e-07,9.091280133238652e-08,88.62554313521832
4904,5324,2.3019923812133048e-05,1.9064013224120637e-05,3.012152371567627e-07,9.437582164447841e-08,88.64911175239831
4905,5325,2.29834469524103e-05,1.905402790222668e-05,2.9967780434993755e-07,9.326410066842463e-08,88.66721825581044
4906,5326,2.2942721809715946e-05,1.9027385644002544e-05,2.994306295880034e-07,9.210298698333684e-08,88.68471147771925
4907,5328,2.2916401977596272e-05,1.9005640294877806e-05,2.9821055699840173e-07,9.286561127344475e-08,88.7083023507148
4908,5329,2.2898209657931485e-05,1.8971037261192472e-05,2.978328250070632e-07,9.488441466683788e-08,88.72578615322709
4909,5330,2.2888537870804646e-05,1.8990993536676368e-05,2.995566752628841e-07,9.019775814994363e-08,88.74377718847245
4910,5331,2.2874493624289615e-05,1.897057479741625e-05,3.029186581640792e-07,8.747322452325738e-08,88.76119957026094
4911,5332,2.2857614065668473e-05,1.8934027124605434e-05,2.9869030040367797e-07,9.366839370262623e-08,88.77861369866878
4912,5333,2.2840515707095915e-05,1.8924746058202627e-05,2.977970928743314e-07,9.377987201499726e-08,88.79623557627201
4913,5334,2.282066133384795e-05,1.8917025643808168e-05,2.991058852181311e-07,9.125768378584733e-08,88.81387592013925
4914,5335,2.2802585682127243e-05,1.88890288261609e-05,2.9702385994456436e-07,9.433182565207017e-08,88.83137008175254
4915,5336,2.2787632446960837e-05,1.886595243588727e-05,2.9678597554090106e-07,9.538202556645581e-08,88.84895003400743
4916,5337,2.27735776800643e-05,1.8850956155758608e-05,2.9570410401007746e-07,9.655804842049177e-08,88.8665436655283
4917,5339,2.2762148111356153e-05,1.88116654057287e-05,2.9714636158613094e-07,9.79019089766144e-08,88.89019719418138
4918,5340,2.2741971630043202e-05,1.8809000891992354e-05,2.95869730206987e-07,9.742734359809768e-08,88.90777540486306
4919,5341,2.2721512961020023e-05,1.8816674793231442e-05,2.9523961534188253e-07,9.524420143697537e-08,88.92537033557892
4920,5342,2.270527531978524e-05,1.8800901111208617e-05,2.951887270238297e-07,9.524869383383299e-08,88.94288248103112
4921,5343,2.268361965346273e-05,1.8795056169603083e-05,2.974980086554501e-07,9.135833973051444e-08,88.96061708033085
4922,5344,2.2661663727021642e-05,1.876793487408156e-05,2.9830723875035665e-07,9.106564654365191e-08,88.97815973684192
4923,5345,2.264516675471059e-05,1.8743595535084476e-05,3.0037936747871637e-07,8.977775448389505e-08,88.99577189423144
4924,5346,2.263566205183583e-05,1.871644675981556e-05,3.0064760094880407e-07,9.127392825322326e-08,89.01428536232561
4925,5347,2.261826038533486e-05,1.8670131229458966e-05,3.0137232217105074e-07,9.344059341653911e-08,89.03172980807722
4926,5348,2.260806258634084e-05,1.8642372431756874e-05,3.0480791374885636e-07,9.176110170953998e-08,89.04929216671735
4927,5349,2.259998514867924e-05,1.863136283130436e-05,3.06500644086758e-07,9.036158765072986e-08,89.06696248054504
4928,5350,2.2594381801060498e-05,1.8625189843249728e-05,3.073527300258707e-07,8.956646575520632e-08,89.08460154104978
4929,5351,2.2593048109326454e-05,1.8623424995697564e-05,3.04745940540661e-07,9.221637082222795e-08,89.10220114607364
4930,5352,2.2589233441452895e-05,1.8612045930555455e-05,3.098357077740983e-07,8.788304331564597e-08,89.119787953794
4931,5353,2.2579786040399825e-05,1.8618619433185223e-05,3.062082843921935e-07,8.99083763292669e-08,89.13736394327134
4932,5354,2.2574402860048778e-05,1.862208800233327e-05,3.043234135727496e-07,9.090807219880111e-08,89.15502183604985
4933,5355,2.2567223190942005e-05,1.8627802891148314e-05,3.016868870555941e-07,9.225514292377507e-08,89.17260302882642
4934,5356,2.2562671702995293e-05,1.863050267920417e-05,3.0126433772426573e-07,9.195256465484682e-08,89.1904968842864
4935,5357,2.255777168907181e-05,1.8633620859076023e-05,3.01056970466192e-07,9.135811253338636e-08,89.20811062864959
4936,5359,2.255514263174674e-05,1.8636171307188567e-05,3.01561585849356e-07,9.033554660646106e-08,89.23167284950614
4937,5360,2.255191815423875e-05,1.863109954499937e-05,3.023676879887504e-07,8.971417293518722e-08,89.24921522010118
4938,5361,2.2548962767591174e-05,1.862034886670825e-05,3.030727401335134e-07,8.978864995477912e-08,89.26680916920304
4939,5362,2.254559013769609e-05,1.860869574028125e-05,3.030083510835443e-07,9.068108865793966e-08,89.28436132427305
4940,5363,2.2542415640562284e-05,1.8600427193240473e-05,3.0291770743579195e-07,9.1281137296389e-08,89.30195739772171
4941,5364,2.253782977928981e-05,1.8589687280280916e-05,3.017050265478251e-07,9.310922335306435e-08,89.31956354528666
4942,5365,2.253397922467884e-05,1.857834009946618e-05,3.016200327387379e-07,9.394387978252826e-08,89.33714312966913
4943,5366,2.2531149230503848e-05,1.8572779137840692e-05,3.0129558383909174e-07,9.454142542722388e-08,89.35480580572039
4944,5367,2.2528433471216642e-05,1.8566087863952633e-05,3.0149088765200665e-07,9.474367307439425e-08,89.37233949825168
4945,5368,2.2525632711330796e-05,1.855670414734889e-05,3.0237484521825776e-07,9.451801117993287e-08,89.38989315833896
4946,5369,2.2523093343478777e-05,1.8552587746862076e-05,3.027531521646266e-07,9.429740749704344e-08,89.40742163266987
4947,5370,2.2518951542418864e-05,1.8544802874668784e-05,3.0396625405694825e-07,9.344861271805995e-08,89.42497183848172
4948,5372,2.251552191478551e-05,1.8542202397011616e-05,3.031399667534797e-07,9.419198502390978e-08,89.44862502999604
4949,5373,2.250992922262918e-05,1.8534349131193573e-05,3.037742274092701e-07,9.378378173429061e-08,89.46622513979673
4950,5374,2.249828753969807e-05,1.852082873560215e-05,3.026031198781074e-07,9.514276053148477e-08,89.48381585720927
4951,5375,2.2486852774437418e-05,1.852186845757112e-05,3.0248188512675726e-07,9.401654655987218e-08,89.50143149122596
4952,5376,2.2476249601609136e-05,1.8533270772742753e-05,2.9994045207178337e-07,9.435743081485521e-08,89.51906567905098
4953,5377,2.2468553764799545e-05,1.8532484620957775e-05,2.987014141793382e-07,9.49055002048386e-08,89.53668412938714
4954,5378,2.2462623940813508e-05,1.8534785278092504e-05,2.976312010382714e-07,9.515266523382922e-08,89.5547659303993
4955,5379,2.2457378017508062e-05,1.851228593961045e-05,2.963523500702416e-07,9.815685771951924e-08,89.5721689062193
4956,5380,2.2450538963815062e-05,1.8495043103443312e-05,2.991913328466158e-07,9.635825319055948e-08,89.58972184173763
4957,5381,2.2443916848893527e-05,1.8476795994347134e-05,3.0033976903377376e-07,9.637231642086546e-08,89.60732899885625
4958,5382,2.2435521132947503e-05,1.846799096541172e-05,3.008713310514551e-07,9.588168570212346e-08,89.62494657188654
4959,5383,2.2428307808738014e-05,1.8465324715955022e-05,3.007120107265924e-07,9.5586298551707e-08,89.64250177983195
4960,5384,2.2416028856788077e-05,1.8466855350076706e-05,2.985790611158922e-07,9.633828955524467e-08,89.6601718692109
4961,5385,2.2403089781533325e-05,1.8486392392919917e-05,2.974190262771405e-07,9.425071258420045e-08,89.67873729672283
4962,5387,2.2391785522420828e-05,1.8481520149081106e-05,2.952898798772743e-07,9.573665745669794e-08,89.70233290269971
4963,5388,2.2381131407979687e-05,1.8490604684245388e-05,2.9507439054731335e-07,9.397828182611637e-08,89.71997164469212
4964,5389,2.2369839520075425e-05,1.847371806504811e-05,2.9077932061830216e-07,9.88328248844293e-08,89.73751278780401
4965,5390,2.2363163975066214e-05,1.8467807262156245e-05,2.9238971563619e-07,9.714595565480713e-08,89.7551361611113
4966,5391,2.2359175614832024e-05,1.8467178060103867e-05,2.929291131131572e-07,9.627064235965822e-08,89.77268383000046
4967,5392,2.235335951608216e-05,1.847307486752109e-05,2.9269901512210726e-07,9.53294497339999e-08,89.79070084821433
4968,5393,2.2347668198523776e-05,1.847370419128258e-05,2.91209712142494e-07,9.618668858162538e-08,89.8091265372932
4969,5394,2.2343753070299322e-05,1.8470074569761865e-05,2.908821966433924e-07,9.648565341035356e-08,89.82669873349369
4970,5395,2.2339965609391834e-05,1.8465721788891555e-05,2.9007882163277954e-07,9.734556041724848e-08,89.84426558855921
4971,5396,2.2334858493571682e-05,1.845517953912552e-05,2.9089169269664905e-07,9.707620274796745e-08,89.8624676214531
4972,5397,2.2329492519557143e-05,1.8449285791829274e-05,2.917497294060342e-07,9.627094336675286e-08,89.8798584556207
4973,5399,2.2326384261576205e-05,1.8434454181129226e-05,2.933581822174194e-07,9.583482582727846e-08,89.90349776484072
4974,5400,2.231459207758732e-05,1.8421320175755773e-05,2.95871725647464e-07,9.345546453569065e-08,89.92109677381814
4975,5401,2.2304966137083468e-05,1.840888097317816e-05,2.985088044102553e-07,9.109971198027564e-08,89.93865207210183
4976,5402,2.2289213322088926e-05,1.8387622826650604e-05,2.991764579637462e-07,9.098259158008593e-08,89.95627443864942
4977,5403,2.227913999551541e-05,1.835745352612108e-05,3.009205082770832e-07,9.124813866234956e-08,89.9743786053732
4978,5404,2.22699582981706e-05,1.833668229538319e-05,3.0153113631512825e-07,9.179646396361305e-08,89.99192720558494
4979,5405,2.2260344262192653e-05,1.8308949681422726e-05,3.0399618124453686e-07,9.114327683245605e-08,90.00950437411666
4980,5406,2.225178709291027e-05,1.828598824103511e-05,3.0277934282408535e-07,9.380054236343083e-08,90.02710435912013
4981,5407,2.2245231390730505e-05,1.8273447964772725e-05,3.047275991788622e-07,9.245074341691566e-08,90.04460516013205
4982,5408,2.2237973058255266e-05,1.826411384946379e-05,3.0393395933011326e-07,9.34519615490347e-08,90.06222791504115
4983,5409,2.223241565946954e-05,1.824248709412495e-05,3.042625782761527e-07,9.473027825830654e-08,90.07981605641544
4984,5410,2.2230279684340648e-05,1.824367477125308e-05,3.030416691898133e-07,9.561882211894383e-08,90.09778016153723
4985,5411,2.2228290152916292e-05,1.8233221963365998e-05,3.019678518448888e-07,9.753896711014056e-08,90.1155450604856
4986,5412,2.2225186072792172e-05,1.8231785263917566e-05,3.048389348894023e-07,9.450114599805834e-08,90.13312135823071
4987,5413,2.2222905387282343e-05,1.822773606518126e-05,3.043121113652166e-07,9.520482084489175e-08,90.15075963363051
4988,5414,2.2220442776556553e-05,1.821942856567995e-05,3.0447627256581336e-07,9.562514852184688e-08,90.16832590010017
4989,5415,2.2215222554260207e-05,1.8199235374517867e-05,3.0489028530502144e-07,9.67084326692127e-08,90.18583785928786
4990,5416,2.221230645179708e-05,1.8171137903732683e-05,3.0849575913028993e-07,9.562109567614971e-08,90.20339252986014
4991,5417,2.2207621072798546e-05,1.8160818422187885e-05,3.0893793563076705e-07,9.57423294302991e-08,90.2210336998105
4992,5418,2.2202539188748593e-05,1.8151954999942122e-05,3.09458735020566e-07,9.559968386008114e-08,90.23857353907079
4993,5419,2.21954967949405e-05,1.8134127645817245e-05,3.095928220870965e-07,9.654409282522899e-08,90.25619995221496
4994,5420,2.2184622529530024e-05,1.812209919303453e-05,3.1041300744187045e-07,9.583932620767908e-08,90.27373832836747
4995,5421,2.2176906634656875e-05,1.8105093532693113e-05,3.07963267743228e-07,9.921804245314812e-08,90.2912886152044
4996,5422,2.216202099192266e-05,1.8103189607391985e-05,3.082154325985016e-07,9.766770585456576e-08,90.3088222425431
4997,5423,2.2129712877539803e-05,1.8124430909577736e-05,3.0919383091960737e-07,9.13343658765995e-08,90.32636622991413
4998,5425,2.2108376628557777e-05,1.8101866507841592e-05,3.090505154939453e-07,9.160049657767312e-08,90.35002603102475
4999,5426,2.2070787408553362e-05,1.8111644195534325e-05,3.0554013963790564e-07,9.037418166399791e-08,90.36870316788554
5000,5427,2.2029649435581717e-05,1.8066045893191804e-05,3.0450258371340207e-07,9.185777052558936e-08,90.38620204012841
5001,5429,2.198595100458625e-05,1.8004766882581125e-05,3.0461805186728985e-07,9.350036033322298e-08,90.40832439437509
5002,5430,2.1959452661797647e-05,1.7886366847622942e-05,3.1008411581845006e-07,9.722446559902023e-08,90.4251525811851
5003,5431,2.191727570938079e-05,1.7869195739952304e-05,3.054946654305145e-07,9.931333151233396e-08,90.44201389886439
5004,5432,2.187872948839637e-05,1.78598902088021e-05,3.0540978217448316e-07,9.647414578494354e-08,90.45894605852664
5005,5433,2.1828713682701148e-05,1.7814137148472523e-05,3.088597873690161e-07,9.259786605384657e-08,90.47580060362816
5006,5434,2.1799833369968316e-05,1.780777881091098e-05,3.08227177650065e-07,9.097827825566886e-08,90.49366497062147
5007,5435,2.176677034937871e-05,1.7755717614694703e-05,3.1530368062708097e-07,8.580159284131985e-08,90.51046218909323
5008,5436,2.1734129292105714e-05,1.7730763789574303e-05,3.1087747087603675e-07,8.945907937710426e-08,90.52738620061427
5009,5438,2.170649487817167e-05,1.7716234966156118e-05,3.1141513420675454e-07,8.761085699480087e-08,90.54986148606986
5010,5439,2.167738942436673e-05,1.7684510552135727e-05,3.1174940222122947e-07,8.75384850018705e-08,90.56700382102281
5011,5440,2.166162392424147e-05,1.7667093919018493e-05,3.123756784297892e-07,8.707732209250874e-08,90.5840458208695
5012,5442,2.1635586962944332e-05,1.7657952268986688e-05,3.106270451555131e-07,8.713642424025131e-08,90.60674528311938
5013,5443,2.1610399134638834e-05,1.7621738914305956e-05,3.128366096862252e-07,8.602941234706272e-08,90.62493563257158
5014,5444,2.1578288668996576e-05,1.756468276705356e-05,3.159611583397469e-07,8.539943185455465e-08,90.64200991205871
5015,5445,2.1551121891616098e-05,1.753282748867999e-05,3.1541632907728315e-07,8.641311121632769e-08,90.65925862267613
5016,5446,2.153567529248781e-05,1.7482954588530963e-05,3.1535799386396547e-07,8.991407653171948e-08,90.67646724078804
5017,5447,2.1521014174525373e-05,1.7472420367127424e-05,3.177131362700465e-07,8.714624446974837e-08,90.69373694062233
5018,5448,2.150879607787416e-05,1.7484568449237392e-05,3.1641533973488775e-07,8.600742312878916e-08,90.71100653987378
5019,5449,2.148891183948556e-05,1.7453479895166937e-05,3.149321571773997e-07,8.861103725446244e-08,90.72830154653639
5020,5450,2.145818366393509e-05,1.7370321359919322e-05,3.166470072410812e-07,9.213922316049552e-08,90.74554452113807
5021,5452,2.141725030616535e-05,1.7335997084572218e-05,3.152166166136889e-07,9.29087055456243e-08,90.76937157753855
5022,5453,2.1359189099234125e-05,1.7288431421725548e-05,3.1453198885403887e-07,9.254377889681888e-08,90.78669003024697
5023,5454,2.1311621666294136e-05,1.7277686092965007e-05,3.094155701320276e-07,9.397798720088523e-08,90.80413236003369
5024,5455,2.1257632154362995e-05,1.7211991928841184e-05,3.1138491665654187e-07,9.317910589563926e-08,90.82159499730915
5025,5456,2.1203338138414153e-05,1.709393204998916e-05,3.23050811892471e-07,8.78897969500283e-08,90.83909579459578
5026,5457,2.11499216565723e-05,1.7058254545646447e-05,3.2060157278230553e-07,8.856513831027955e-08,90.85657662525773
5027,5458,2.1083096294638253e-05,1.7019656292120676e-05,3.170782866961054e-07,8.926571355565204e-08,90.87411590106785
5028,5459,2.102268349585648e-05,1.6998813317489202e-05,3.150674860342443e-07,8.731953180248368e-08,90.8915962325409
5029,5460,2.0991457633749658e-05,1.6930085440778163e-05,3.1302930673827197e-07,9.310791255887743e-08,90.9091226188466
5030,5461,2.0903288697433845e-05,1.693362797123243e-05,3.13286108575533e-07,8.367996404460863e-08,90.92661523632705
5031,5462,2.0849322859277077e-05,1.6900622047718484e-05,3.127029409218012e-07,8.21671402340582e-08,90.94422550033778
5032,5463,2.0811421453800676e-05,1.6912016178044124e-05,3.1319304619027965e-07,7.674748138537559e-08,90.96197705436498
5033,5464,2.0794034882600786e-05,1.68649883585002e-05,3.1379774676571407e-07,7.910690564434435e-08,90.97955489344895
5034,5465,2.0748994527753925e-05,1.685908024224018e-05,3.1316916432746884e-07,7.582226422390599e-08,90.99708454776555
5035,5466,2.072766777164871e-05,1.6803110345671177e-05,3.1283540055124007e-07,7.962034204651319e-08,91.01468457002193
5036,5467,2.070579293717451e-05,1.6770610335639217e-05,3.13711274298654e-07,7.980698585487537e-08,91.03231932688504
5037,5468,2.0674892399478616e-05,1.6735521185753143e-05,3.140745995462644e-07,7.986252182628286e-08,91.0499482639134
5038,5469,2.0658434232887635e-05,1.6702562706720277e-05,3.1434676827899633e-07,8.124038433773956e-08,91.06754478812218
5039,5470,2.064472313774341e-05,1.6674839541899315e-05,3.1338714725968733e-07,8.360121232472192e-08,91.08516756352037
5040,5471,2.0631782745402504e-05,1.6659169037599125e-05,3.1175990109763774e-07,8.550146968270012e-08,91.10279852058738
5041,5472,2.0616173988347398e-05,1.6659359227958328e-05,3.09852956292316e-07,8.582851974659117e-08,91.12036798801273
5042,5473,2.0601329237162064e-05,1.6669766704514014e-05,3.0674043860339986e-07,8.641581466140499e-08,91.13799609523267
5043,5474,2.0586537994774892e-05,1.6692019901709585e-05,3.063322463064384e-07,8.311956300009236e-08,91.15552335418761
5044,5475,2.0566054075485977e-05,1.6671737136433395e-05,3.062938753017843e-07,8.313781860347388e-08,91.17315404769033
5045,5476,2.0541423561372464e-05,1.6628477355898005e-05,3.0741747428987376e-07,8.387714625757221e-08,91.19072184152901
5046,5477,2.0525086886361364e-05,1.6599405232970455e-05,3.10702772225599e-07,8.186539311349161e-08,91.20826850924641
5047,5478,2.0508204200813726e-05,1.6574596248275956e-05,3.110799985001045e-07,8.228079675367231e-08,91.2258739033714
5048,5479,2.0485991405380718e-05,1.652717733129228e-05,3.1321033411102403e-07,8.267107329781997e-08,91.24341270606965
5049,5480,2.046248246931768e-05,1.6481538042458975e-05,3.1417531601253066e-07,8.39191266733399e-08,91.26109128817916
5050,5481,2.043903939784104e-05,1.649518207025363e-05,3.155951972299563e-07,7.879053552878463e-08,91.2786147678271
5051,5482,2.041086078209592e-05,1.648839460731701e-05,3.1251259847121606e-07,7.973401900667513e-08,91.29616242367774
5052,5483,2.0387171117883077e-05,1.6535360054852226e-05,3.066769219639191e-07,7.850418433916597e-08,91.31368355453014
5053,5484,2.0372989756923173e-05,1.6561856117097356e-05,3.039034072028378e-07,7.720995677974402e-08,91.3312047412619
5054,5485,2.0355992979516467e-05,1.6593270999172588e-05,2.99665376694166e-07,7.660682134022222e-08,91.34874111786485
5055,5486,2.0345342350762274e-05,1.6619105199380617e-05,2.9789816256799726e-07,7.47255525701683e-08,91.36633306276053
5056,5487,2.033469057573575e-05,1.6596355736502194e-05,2.976888365818862e-07,7.614464734146955e-08,91.38387874700129
5057,5488,2.032225572985119e-05,1.6571833982817516e-05,2.9785405630347997e-07,7.718811839988772e-08,91.40150855574757
5058,5489,2.0310547051462063e-05,1.6550108198346274e-05,2.985987917096843e-07,7.744509360189461e-08,91.41912303678691
5059,5491,2.0302163211757396e-05,1.65557643985777e-05,2.9700880254598026e-07,7.763107877198957e-08,91.44285610690713
5060,5492,2.0286771239281377e-05,1.65389835549615e-05,2.9754125639123563e-07,7.723751204075213e-08,91.46057197637856
5061,5493,2.0273020278146706e-05,1.6534654368453755e-05,2.973628675146884e-07,7.647372345460663e-08,91.47821821365505
5062,5494,2.0257999775877886e-05,1.652515650810285e-05,2.9642469763732214e-07,7.685962914018138e-08,91.49581016786397
5063,5496,2.0252543997788617e-05,1.6509272249125805e-05,2.9767984208962346e-07,7.664733277665795e-08,91.52002678345889
5064,5497,2.0240627884321338e-05,1.649141053261531e-05,2.9715500285522066e-07,7.776673231538223e-08,91.53757205139846
5065,5498,2.0221727708109363e-05,1.6444352723723202e-05,2.9652762980538783e-07,8.120986863322853e-08,91.55644072312862
5066,5499,2.0217367899657502e-05,1.6424552843247117e-05,2.992682444480555e-07,8.001326119298297e-08,91.57435490190983
5067,5500,2.0198852597445273e-05,1.6399261398652676e-05,2.9790448573179597e-07,8.205463414746383e-08,91.59197318833321
5068,5501,2.018771593195904e-05,1.6401018696932512e-05,2.987619105548722e-07,7.990781294778071e-08,91.60952921770513
5069,5502,2.0175300775605244e-05,1.639324647431238e-05,2.991091819817893e-07,7.909624814749731e-08,91.6284694923088
5070,5503,2.0162673181572743e-05,1.6405680929455802e-05,2.9828324689864845e-07,7.741597831304549e-08,91.6460428815335
5071,5504,2.0152653772435205e-05,1.6407310072770988e-05,2.9798263742922474e-07,7.655173253719684e-08,91.66369190160185
5072,5505,2.0143219303430545e-05,1.6407576969191473e-05,2.954903831961207e-07,7.807385022778627e-08,91.68125981092453
5073,5506,2.0130405360922372e-05,1.6393301801991466e-05,2.928798530028116e-07,8.083050289027913e-08,91.69885750673711
5074,5507,2.011555804542383e-05,1.6361319396146058e-05,2.90781353589864e-07,8.464251133791297e-08,91.71646561846137
5075,5508,2.0098799935075475e-05,1.632550467880459e-05,2.897154242121617e-07,8.761410141492686e-08,91.73474401328713
5076,5509,2.008302031000885e-05,1.6267940262042663e-05,2.9003000991926563e-07,9.147799487735309e-08,91.75227393303066
5077,5510,2.0062498772052867e-05,1.624715969967451e-05,2.921206404553591e-07,8.941326678247676e-08,91.76986560411751
5078,5511,2.0041714718841412e-05,1.6191486275678742e-05,2.966458902049662e-07,8.837695411130067e-08,91.78773784544319
5079,5512,2.0029440263503576e-05,1.619515349008341e-05,2.962759580459276e-07,8.715271929608882e-08,91.80537538975477
5080,5513,2.000445554342766e-05,1.614427117758067e-05,2.959379112630632e-07,9.008052532163603e-08,91.82298701442778
5081,5514,1.9972427761564395e-05,1.608732907195181e-05,2.923284919904791e-07,9.618137697077936e-08,91.84055791981518
5082,5515,1.995247219751253e-05,1.6037677267131167e-05,2.899532038787281e-07,1.0152628915940831e-07,91.8582054078579
5083,5516,1.9933724596927843e-05,1.6022908352143618e-05,2.893541176069312e-07,1.0172750687149124e-07,91.87576438859105
5084,5517,1.990790604111491e-05,1.5987132031159658e-05,2.8904848371168694e-07,1.030289172838385e-07,91.89326768927276
5085,5518,1.9885283520274746e-05,1.5957755985632852e-05,2.9009307440744414e-07,1.0265967905674503e-07,91.91087198629975
5086,5519,1.9867533053131442e-05,1.594975466585205e-05,2.921998102944839e-07,9.957802843345544e-08,91.9283851152286
5087,5520,1.9850986091962474e-05,1.592381901001755e-05,2.9550768031191594e-07,9.720902788257621e-08,91.946050144732
5088,5521,1.9839777759830963e-05,1.5922846831500896e-05,2.9543776527863847e-07,9.625532755436818e-08,91.96368617843837
5089,5522,1.9819234259977635e-05,1.589476161273133e-05,2.978824454929773e-07,9.456481923165313e-08,91.98124190885574
5090,5523,1.9796194554349558e-05,1.5857758000976105e-05,2.994043525824801e-07,9.443930275486513e-08,91.99878527410328
5091,5524,1.977877046895211e-05,1.582893296126815e-05,2.991590470003436e-07,9.582470376805236e-08,92.01646147388965
5092,5525,1.976388844380808e-05,1.580079671656441e-05,2.9835803257747725e-07,9.795114014688957e-08,92.03452099487185
5093,5526,1.9749141111011033e-05,1.5776820557303646e-05,2.989551909060112e-07,9.827686446472761e-08,92.05252550635487
5094,5527,1.97405874652978e-05,1.574630625561616e-05,2.9950641673026425e-07,9.992170423789939e-08,92.07067306619138
5095,5529,1.9733690789666004e-05,1.574964729320695e-05,3.006502701534161e-07,9.775407949248911e-08,92.09422830864787
5096,5530,1.9726744633177842e-05,1.5753301496058398e-05,3.0111789029217995e-07,9.622642341976461e-08,92.11171001475304
5097,5531,1.9719329721229786e-05,1.5756853629898978e-05,3.0127014679221366e-07,9.497746234086707e-08,92.12920751329511
5098,5532,1.9709555171012153e-05,1.577324818138266e-05,3.0141017812872117e-07,9.2220520834228e-08,92.14669299405068
5099,5533,1.969675995012663e-05,1.5783907244039888e-05,3.011843955613774e-07,9.010087504729687e-08,92.16429621819407
5100,5534,1.968146985927807e-05,1.5798179531816195e-05,3.00304805469448e-07,8.80242272767394e-08,92.18175733368844
5101,5535,1.9679836114488984e-05,1.5839231909401227e-05,3.016920953716167e-07,8.236832513715899e-08,92.19917395804077
5102,5536,1.9670096644694183e-05,1.5797128434745537e-05,3.0173393612299715e-07,8.55628848718674e-08,92.21667304076254
5103,5537,1.9659853058639016e-05,1.579787371449159e-05,2.9914952070565884e-07,8.704841370908409e-08,92.2341696638614
5104,5538,1.9653906092537582e-05,1.5791134072588157e-05,2.9914106357674866e-07,8.713613841819363e-08,92.25165132712573
5105,5539,1.9642476039050124e-05,1.5783806472152952e-05,2.9949352722604877e-07,8.637342946366833e-08,92.26913696527481
5106,5540,1.9633063138076215e-05,1.5774585491491686e-05,2.979626170597275e-07,8.78851475987253e-08,92.2872015638277
5107,5541,1.96206583302931e-05,1.5761364951469832e-05,2.967948268128059e-07,8.913451106952087e-08,92.30487041641027
5108,5542,1.9609319441238826e-05,1.575207631209033e-05,2.955514777643697e-07,9.017283515048007e-08,92.32324983272702
5109,5543,1.959602341075602e-05,1.5726852748727458e-05,2.947269980919875e-07,9.219006811086885e-08,92.34082718007267
5110,5544,1.958766488860576e-05,1.5678178529821892e-05,2.9483184109102296e-07,9.611679478736364e-08,92.35843687225133
5111,5545,1.9574869811977164e-05,1.5696993482840706e-05,2.950627085525504e-07,9.272492436109518e-08,92.37604408245534
5112,5546,1.9566014062748916e-05,1.5679362752643123e-05,2.95578818312593e-07,9.308631269798612e-08,92.39361690543592
5113,5547,1.9559311530563614e-05,1.56660235124513e-05,2.9536538752224544e-07,9.396341428898599e-08,92.41121994517744
5114,5548,1.9554613102041523e-05,1.564368583152676e-05,2.952182294238759e-07,9.587449762760064e-08,92.4287649737671
5115,5549,1.955038845971225e-05,1.5632395672617187e-05,2.960582544176017e-07,9.574102429190478e-08,92.4462291682139
5116,5550,1.954357936703498e-05,1.561862663967916e-05,2.9527851865695505e-07,9.72167540786272e-08,92.46382839046419
5117,5551,1.9534981854174112e-05,1.559234200077462e-05,2.9495340776096466e-07,9.931057757898451e-08,92.48140024673194
5118,5552,1.9527495263145427e-05,1.557019491007768e-05,2.9473396011644025e-07,1.0099607519033446e-07,92.49890144821256
5119,5554,1.95223992666218e-05,1.5567778389976696e-05,2.9322493632211905e-07,1.0223715134239125e-07,92.52257668040693
5120,5555,1.9513432862076692e-05,1.5540770661447998e-05,2.9404327664857025e-07,1.032229434142992e-07,92.54006808437407
5121,5556,1.9506474093252902e-05,1.5527124255673048e-05,2.9357293485814634e-07,1.0436204889983921e-07,92.55764416977763
5122,5557,1.9501896411784315e-05,1.5526265055235694e-05,2.9345706354020825e-07,1.041060721146539e-07,92.57519514951855
5123,5558,1.9499164145413446e-05,1.553483734184384e-05,2.9315492359922607e-07,1.0327775675773457e-07,92.59359331987798
5124,5559,1.9497605765217196e-05,1.552913606488302e-05,2.933205762247345e-07,1.0352639380868295e-07,92.61110864020884
5125,5560,1.9496026617937686e-05,1.5529539963797477e-05,2.935895481412768e-07,1.0305911727274432e-07,92.62860895786434
5126,5561,1.9493460413662495e-05,1.5520413430566888e-05,2.945447447401996e-07,1.0275995356936103e-07,92.64612777903676
5127,5562,1.949105487228514e-05,1.5516133061290575e-05,2.9520710518449943e-07,1.0228507591495697e-07,92.66373725421727
5128,5563,1.9490129519853706e-05,1.5510099795074933e-05,2.961107139110474e-07,1.0189225856682997e-07,92.68122260831296
5129,5564,1.9488069395610657e-05,1.550286165530628e-05,2.956729902677605e-07,1.0284778376267699e-07,92.69872748479247
5130,5565,1.9486052823731794e-05,1.5509001460465243e-05,2.9552467832631284e-07,1.0218045800034239e-07,92.71625428833067
5131,5566,1.9483704545723083e-05,1.5503063239211292e-05,2.9571723330981773e-07,1.023468973413616e-07,92.73378776945174
5132,5567,1.9481409997454937e-05,1.5486278792271208e-05,2.9587227396039693e-07,1.0364084655797617e-07,92.75127787608653
5133,5569,1.9479271357316802e-05,1.5477280971539432e-05,2.962399582446977e-07,1.0395908033303911e-07,92.77505522873253
5134,5571,1.9477801783488516e-05,1.546778287326347e-05,2.9676961535003225e-07,1.0423227567247271e-07,92.7985711870715
5135,5572,1.947431947042555e-05,1.545196850854682e-05,2.9691735451452415e-07,1.0531774167334858e-07,92.81607030611485
5136,5573,1.946993042488354e-05,1.542975746052944e-05,2.964635806486758e-07,1.0755371578673432e-07,92.83356124721467
5137,5574,1.946539814802711e-05,1.5397340321064822e-05,2.9625470360146823e-07,1.105510790947607e-07,92.85102301090956
5138,5575,1.946036956298986e-05,1.5376947503689894e-05,2.9482228515302473e-07,1.1351992077697157e-07,92.86851358786225
5139,5576,1.9453910550327973e-05,1.535791646212349e-05,2.9436413431570846e-07,1.1523527450473963e-07,92.8873357353732
5140,5577,1.9441274987768178e-05,1.5331396249401627e-05,2.9400479632049656e-07,1.169830775161584e-07,92.90489334240556
5141,5578,1.9431168190046465e-05,1.5320998699970388e-05,2.9354024374069246e-07,1.1747670526691529e-07,92.92243836261332
5142,5579,1.941380406963932e-05,1.530073964996619e-05,2.9475221929654435e-07,1.1655422267076879e-07,92.93991452269256
5143,5580,1.93991727270933e-05,1.5256202817962695e-05,2.966229191768868e-07,1.176740717361737e-07,92.95784548763186
5144,5581,1.939180840124607e-05,1.5264957092386706e-05,2.971404004646641e-07,1.1554473042127228e-07,92.97543788142502
5145,5582,1.9386697733016994e-05,1.5266713210291833e-05,2.979502509767539e-07,1.1404820129576197e-07,92.99292945303023
5146,5584,1.9384806488469807e-05,1.5264040104137752e-05,2.9744909416931194e-07,1.1462754426389355e-07,93.01696926541626
5147,5585,1.938268692554987e-05,1.5256340535295352e-05,2.9781984588162685e-07,1.1481479314382511e-07,93.03446534555405
5148,5586,1.9378160717019052e-05,1.5251759116032861e-05,2.981041842011183e-07,1.145359758975008e-07,93.05196255724877
5149,5587,1.937476641813497e-05,1.5248613543278058e-05,2.995018729029261e-07,1.1311341458276517e-07,93.06946447957307
5150,5588,1.9369341509664756e-05,1.5241106772754753e-05,2.992117668396399e-07,1.1361170685136042e-07,93.08693614136428
5151,5589,1.9363752158504867e-05,1.5238561183139357e-05,2.9925616977799025e-07,1.1326292775856066e-07,93.10445254202932
5152,5590,1.9358652303634898e-05,1.5240389438068241e-05,2.9778303001250087e-07,1.1404325654416488e-07,93.12199010979384
5153,5591,1.9352764830794604e-05,1.5244006487068935e-05,2.961437932347626e-07,1.1473204113780419e-07,93.13952881935984
5154,5592,1.934511314346677e-05,1.5254403719687518e-05,2.9430143828355795e-07,1.1476950409436735e-07,93.15742136351764
5155,5593,1.9334128044509347e-05,1.5271640177093475e-05,2.9197335540200605e-07,1.1427543133958087e-07,93.17493287567049
5156,5594,1.9325616923861492e-05,1.5273097745924033e-05,2.911782872123286e-07,1.1407363058141738e-07,93.19244375173002
5157,5595,1.931833500852537e-05,1.528824990735328e-05,2.906811103674271e-07,1.1232739974978147e-07,93.21004982478917
5158,5596,1.9311508288901012e-05,1.5288327310419097e-05,2.910277879027493e-07,1.1129030994544201e-07,93.22762254532427
5159,5597,1.9304733911763126e-05,1.52957788400675e-05,2.9144620593572066e-07,1.0944930123384194e-07,93.24513181857765
5160,5598,1.9299237530906934e-05,1.5287499437793058e-05,2.932171132463362e-07,1.0795669606505143e-07,93.26275533530861
5161,5599,1.92942805259377e-05,1.528551259541402e-05,2.9289689473596246e-07,1.0797989831640568e-07,93.28023774549365
5162,5600,1.9290054774525078e-05,1.5281229451435318e-05,2.933560759350859e-07,1.0752645637388993e-07,93.29779101535678
5163,5601,1.928259114046276e-05,1.5257526846938173e-05,2.938634071114021e-07,1.0864302224105692e-07,93.31634955666959
5164,5602,1.9274908541440132e-05,1.5238528642721636e-05,2.952945040902974e-07,1.0834348578155224e-07,93.33372715022415
5165,5603,1.9267265003510774e-05,1.5208479994069365e-05,2.95333817408397e-07,1.1054468353574383e-07,93.35115232877433
5166,5605,1.9263581070511987e-05,1.5202215056235846e-05,2.9802267514535713e-07,1.0811392628225698e-07,93.3755643023178
5167,5606,1.925985162206756e-05,1.518783027841759e-05,2.9777957540866344e-07,1.0942255895633361e-07,93.39350514207035
5168,5607,1.9256421560610496e-05,1.5184352278745484e-05,2.9739344148909623e-07,1.0981348669740506e-07,93.41102702636272
5169,5608,1.925298145976734e-05,1.5177680881327574e-05,2.9723192458588074e-07,1.1029813325809572e-07,93.42857903800905
5170,5609,1.924829816071166e-05,1.5171981147631295e-05,2.972770993932595e-07,1.1035460191477691e-07,93.44606686662883
5171,5610,1.924427975134328e-05,1.5160304720212813e-05,2.975709571344219e-07,1.1082654597862468e-07,93.46367460116744
5172,5611,1.924056175815694e-05,1.5152187216777091e-05,2.9816418839639534e-07,1.1067326574158962e-07,93.48172686249018
5173,5612,1.9238232565814687e-05,1.5149218972529362e-05,2.99304203085721e-07,1.095971562428118e-07,93.49917850177735
5174,5613,1.9235809847903647e-05,1.5152092853816234e-05,2.989804306371591e-07,1.093912687715823e-07,93.51765479054302
5175,5614,1.9231102284183055e-05,1.5156834759642664e-05,2.9898405119721465e-07,1.0844270125682432e-07,93.53510771878064
5176,5615,1.922565916238364e-05,1.5163148848353436e-05,2.983552394057871e-07,1.0789579199723297e-07,93.55254785716534
5177,5616,1.9221180019600475e-05,1.5164334989853081e-05,2.991514019352897e-07,1.065331010394497e-07,93.57006567530334
5178,5618,1.921579512116726e-05,1.5144112806168167e-05,2.9961238446838713e-07,1.0755584703152215e-07,93.59359432756901
5179,5619,1.92102963367239e-05,1.513531471205167e-05,2.9782443852117996e-07,1.096737239460432e-07,93.61108662560582
5180,5620,1.9205322849530174e-05,1.5128069649424757e-05,2.96797634247001e-07,1.1092768576354072e-07,93.62864486221224
5181,5621,1.9202648377200772e-05,1.5126119805588517e-05,2.955176202213117e-07,1.1213523693991396e-07,93.64609185606241
5182,5622,1.920060244492378e-05,1.5126959982461898e-05,2.9453129872956015e-07,1.1283294751662785e-07,93.66366549860686
5183,5623,1.919879173773631e-05,1.5127916888473121e-05,2.9416078543004463e-07,1.1292669949627423e-07,93.68115436285734
5184,5624,1.9197130531830898e-05,1.5126794879914147e-05,2.935387989005074e-07,1.1349476629116745e-07,93.69866407476366
5185,5625,1.91955463158626e-05,1.5124456221144514e-05,2.933437497319691e-07,1.137652597398396e-07,93.7161696255207
5186,5626,1.919347207914504e-05,1.5115944643814502e-05,2.937030213908975e-07,1.1404972214215593e-07,93.73364763800055
5187,5627,1.9190051744358568e-05,1.510023147547945e-05,2.943097348664649e-07,1.1467229202144673e-07,93.75116118509322
5188,5628,1.9185636205257035e-05,1.5079157142773026e-05,2.9554139349308465e-07,1.1510651275531655e-07,93.76930334139615
5189,5629,1.918171540318418e-05,1.5061499159382519e-05,2.956652866998287e-07,1.1635633768033737e-07,93.78672115225345
5190,5631,1.9180119977141428e-05,1.5064635827857511e-05,2.95858405082084e-07,1.1569000984630756e-07,93.81042874231935
5191,5632,1.9176280777860994e-05,1.5057598587350282e-05,2.957549715064586e-07,1.161132475446128e-07,93.82798356655985
5192,5633,1.9172987993373192e-05,1.5063921698532124e-05,2.946026017586289e-07,1.1630402772547786e-07,93.84547390881926
5193,5634,1.91702475341802e-05,1.5062762244684039e-05,2.9419013271508244e-07,1.1655839623453364e-07,93.86318541318178
5194,5635,1.9167741549830853e-05,1.5063761191613472e-05,2.937200184121632e-07,1.1667801740957507e-07,93.88075163587928
5195,5636,1.9164712758891108e-05,1.5057571690308993e-05,2.9367511973547383e-07,1.1703898712273767e-07,93.89832105208188
5196,5637,1.9161239161527552e-05,1.5053105978626008e-05,2.936124994049003e-07,1.1720081888525407e-07,93.91587103437632
5197,5638,1.9157739275579958e-05,1.5054423656259592e-05,2.939039788450362e-07,1.1642758308700037e-07,93.93342071771622
5198,5640,1.9155976733147913e-05,1.5052801985497242e-05,2.932240335129104e-07,1.1709344125215656e-07,93.95710827317089
5199,5641,1.9153764256752472e-05,1.5061491905084128e-05,2.926045302026708e-07,1.1662270496416332e-07,93.97482777014375
5200,5642,1.9152180596388934e-05,1.5063916400242479e-05,2.9229328648784215e-07,1.1653313312680365e-07,93.99232661165297
5201,5643,1.9150963771248464e-05,1.5067740467183329e-05,2.91757148688171e-07,1.1656518171834264e-07,94.00987772457302
5202,5644,1.9148992159710556e-05,1.5064351330962778e-05,2.9052651673969085e-07,1.1793756613508726e-07,94.02747780643404
5203,5645,1.914649860144939e-05,1.50538978051349e-05,2.903105153022492e-07,1.1894956432919981e-07,94.0450142333284
5204,5646,1.914422049212275e-05,1.5044904982091985e-05,2.892134414481669e-07,1.207181095549096e-07,94.06267158407718
5205,5647,1.9141805422670397e-05,1.5032050236119807e-05,2.8908350085359505e-07,1.218920178014642e-07,94.08022904209793
5206,5648,1.9140221047165065e-05,1.5022288010331455e-05,2.8880417437164417e-07,1.2298912931171695e-07,94.09776705317199
5207,5649,1.913890188903116e-05,1.5018173296883038e-05,2.886869808604692e-07,1.2338587835434294e-07,94.11528922244906
5208,5650,1.9137760150132045e-05,1.5017767273892581e-05,2.8827196005659555e-07,1.2372732756735093e-07,94.13280855771154
5209,5651,1.913691635690575e-05,1.5013703413830115e-05,2.8814691546893764e-07,1.2417437883862583e-07,94.15124838985503
5210,5652,1.9136031541519787e-05,1.5009967025631225e-05,2.8800013100835157e-07,1.2460632058050484e-07,94.16869940049946
5211,5653,1.913429131582564e-05,1.5001045698733356e-05,2.8808016659833215e-07,1.2524439511089634e-07,94.18620599806309
5212,5654,1.9131972887602765e-05,1.4974890756204719e-05,2.875581557477022e-07,1.2815005739210237e-07,94.20544820651412
5213,5656,1.9127676034916664e-05,1.4960761147437827e-05,2.8738707318046826e-07,1.2930441556741533e-07,94.2291074031964
5214,5657,1.9121984261765223e-05,1.4974683475691958e-05,2.878970493929848e-07,1.2683302921434172e-07,94.24660785868764
5215,5658,1.9113373474263683e-05,1.4987645256254455e-05,2.88144900699122e-07,1.2442792110180096e-07,94.2642920203507
5216,5660,1.9111015237538154e-05,1.4996136909173516e-05,2.884557390573566e-07,1.230320937791071e-07,94.28793272189796
5217,5661,1.910472743436863e-05,1.4991280908532388e-05,2.8767195386990667e-07,1.2367269871371744e-07,94.30554195027798
5218,5662,1.90948985390979e-05,1.4971742831754535e-05,2.872291211159263e-07,1.2508644961841018e-07,94.32313424162567
5219,5663,1.909018726805379e-05,1.4969767676836142e-05,2.8588214875057694e-07,1.2615981037118825e-07,94.34070379287004
5220,5664,1.908207008801065e-05,1.4948664973008816e-05,2.8744774863690613e-07,1.258927628632771e-07,94.3583209021017
5221,5665,1.9077407987732872e-05,1.4904848611801301e-05,2.899161478126667e-07,1.2733978978049039e-07,94.37596718035638
5222,5666,1.906978410838733e-05,1.4887329800448136e-05,2.9151417450367855e-07,1.2673125629024087e-07,94.39352711476386
5223,5667,1.906340286408735e-05,1.4873735105871306e-05,2.918861113211858e-07,1.2708066450041857e-07,94.41109116375446
5224,5668,1.9054106267226868e-05,1.4826986645231463e-05,2.927934545246486e-07,1.2991850767489203e-07,94.42920935992151
5225,5669,1.9045328828415196e-05,1.4775968791533759e-05,2.9465747716101405e-07,1.3227852652712974e-07,94.4466435899958
5226,5670,1.9041093130541686e-05,1.4670803996435556e-05,2.993088386664118e-07,1.3772007474420137e-07,94.46437192242593
5227,5671,1.902425138237149e-05,1.4676825478996674e-05,2.960480357788768e-07,1.3869455455860469e-07,94.48211227636784
5228,5672,1.901071190957803e-05,1.4668797596533571e-05,2.9468889590119786e-07,1.3950253540324818e-07,94.49966243188828
5229,5673,1.8995019759123306e-05,1.4620179883368249e-05,2.9714159629820916e-07,1.4034239127729658e-07,94.51726639922708
5230,5674,1.8982235130344223e-05,1.4561537166919303e-05,2.976982293833598e-07,1.4437156695913228e-07,94.5347845936194
5231,5675,1.8965349636618152e-05,1.4545878813576151e-05,2.984341249800758e-07,1.4351295732412406e-07,94.55231023859233
5232,5676,1.8949997469567563e-05,1.4518502617982604e-05,2.9908360173214006e-07,1.4406588342635566e-07,94.5698690963909
5233,5677,1.892049960456474e-05,1.4435932418548433e-05,3.014128271962136e-07,1.4704389140541716e-07,94.58737282827497
5234,5678,1.8898446170790886e-05,1.4408001817558362e-05,3.034695756616662e-07,1.455748596615862e-07,94.60496230050921
5235,5679,1.888920890235182e-05,1.43803745391963e-05,3.070258887063874e-07,1.4385754760916462e-07,94.62249917630106
5236,5680,1.884235950452255e-05,1.4319800836739369e-05,3.1253113844109564e-07,1.3972472833722256e-07,94.64005950652063
5237,5681,1.8822878314445314e-05,1.4328541518379889e-05,3.0704116012840755e-07,1.4239251947813493e-07,94.65763065591455
5238,5682,1.8789578175989798e-05,1.4329907848797475e-05,3.0369169733442836e-07,1.4227533538480378e-07,94.67514919023961
5239,5683,1.875707019646073e-05,1.424977999609109e-05,3.0784897266331984e-07,1.4288004737364413e-07,94.69266966264695
5240,5684,1.8728800419833584e-05,1.420401552642575e-05,3.066280389667254e-07,1.4585045037405808e-07,94.71027654223144
5241,5685,1.868889065934404e-05,1.414560115757284e-05,3.039846895450392e-07,1.503442606320807e-07,94.72872949671
5242,5686,1.8652707119964373e-05,1.408441934542758e-05,3.019153819807653e-07,1.549133954729139e-07,94.74668315425515
5243,5687,1.862288654603655e-05,1.3989847084754454e-05,2.975327429535289e-07,1.657712031746807e-07,94.76438222080469
5244,5688,1.86025188686838e-05,1.3954861277134045e-05,2.953659661842729e-07,1.693997929707028e-07,94.78197533916682
5245,5689,1.8586523676661477e-05,1.3942274686494004e-05,2.966354346438247e-07,1.677894643729226e-07,94.7995210532099
5246,5690,1.856333460122345e-05,1.3943098618135512e-05,2.958145173661536e-07,1.662090809426403e-07,94.81704884953797
5247,5691,1.8553719746552732e-05,1.3930264898923647e-05,2.9780172037562266e-07,1.6454376438728584e-07,94.83462483622134
5248,5692,1.853797284133124e-05,1.38956469741961e-05,2.9619834828479456e-07,1.680342384287194e-07,94.85215211939067
5249,5693,1.85194521751446e-05,1.3857091420090038e-05,2.948114596381902e-07,1.714246158672659e-07,94.86970381624997
5250,5694,1.8504338457269594e-05,1.3839146638668148e-05,2.951201646782801e-07,1.713990171818643e-07,94.88725075591356
5251,5695,1.8474954743428688e-05,1.381245308468195e-05,2.9341303433804796e-07,1.7283713153662568e-07,94.90483784209937
5252,5696,1.8447529978709618e-05,1.380664857244411e-05,2.948635478815796e-07,1.692245927449713e-07,94.92236799374223
5253,5697,1.8409854794306128e-05,1.3780827694755001e-05,2.9412609471323654e-07,1.6877661524187599e-07,94.93996893521398
5254,5698,1.8361112010588375e-05,1.3755571594487336e-05,2.915359415583907e-07,1.690181000517134e-07,94.95754252653569
5255,5700,1.8352176293429893e-05,1.373737765116393e-05,2.912268583547115e-07,1.7025300587188466e-07,94.98150526359677
5256,5701,1.83020652682539e-05,1.3678220454645065e-05,2.888060227111707e-07,1.73578458649713e-07,94.99905561842024
5257,5702,1.8230319288415507e-05,1.3502872513891856e-05,2.84631722858743e-07,1.8811295459362224e-07,95.01669240463525
5258,5703,1.8192217523876845e-05,1.3387171938490647e-05,2.900425334914911e-07,1.904620250471288e-07,95.03428846504539
5259,5704,1.8124366858385065e-05,1.335445694573055e-05,2.8956077215073936e-07,1.8743021911471214e-07,95.0518165556714
5260,5705,1.8077905290649224e-05,1.3272828880632023e-05,2.864719884238797e-07,1.9403565257784022e-07,95.0693528931588
5261,5706,1.805067036977515e-05,1.3283875717691762e-05,2.880715200783036e-07,1.8860794513003555e-07,95.08691278286278
5262,5707,1.7975014486644208e-05,1.3224664971652152e-05,2.844233808676877e-07,1.906115706315177e-07,95.10579163115472
5263,5708,1.796514854529709e-05,1.3194725990786652e-05,2.8441039872547626e-07,1.9263185672556742e-07,95.12331843189895
5264,5709,1.788459654507236e-05,1.3178356679913942e-05,2.8609043209598447e-07,1.8453355441985756e-07,95.1408613063395
5265,5710,1.7830067902391077e-05,1.3170268312784106e-05,2.8271482182829604e-07,1.8326513713240122e-07,95.15840506274253
5266,5711,1.7787590274473947e-05,1.3085766133858405e-05,2.9194423358241505e-07,1.7823818047913893e-07,95.17597086913884
5267,5713,1.773883104342836e-05,1.31222928421076e-05,2.8912079689937965e-07,1.725330232326965e-07,95.19962946791202
5268,5715,1.769303486436756e-05,1.3096486605483726e-05,2.837263425178771e-07,1.7592848337050618e-07,95.22323715407401
5269,5716,1.7641722388153368e-05,1.2968327143381988e-05,2.807521218064694e-07,1.8658740267066852e-07,95.24162011500448
5270,5717,1.7575656360651204e-05,1.2824864146793969e-05,2.847043231959857e-07,1.9037489818973777e-07,95.25914520677179
5271,5718,1.7541971754055076e-05,1.2760355328014194e-05,2.910663287060571e-07,1.8709531389803118e-07,95.27675494551659
5272,5719,1.7508108633813028e-05,1.2699724965952785e-05,2.883023398892932e-07,1.925360268967309e-07,95.29427041579038
5273,5720,1.7479492188029133e-05,1.2656623264812758e-05,2.8579770519714784e-07,1.9648918712448973e-07,95.31196151580662
5274,5721,1.7446749361140856e-05,1.2635275512798995e-05,2.849583322265146e-07,1.9618905260767135e-07,95.32962766755372
5275,5722,1.740375494601788e-05,1.2603011788533296e-05,2.883720857659222e-07,1.917022299825363e-07,95.34718613512814
5276,5723,1.7369231860203806e-05,1.2571329077875847e-05,2.8874214183099535e-07,1.9104813640180045e-07,95.3653848124668
5277,5724,1.732908832586652e-05,1.253033592527072e-05,2.912424513549657e-07,1.886327887046145e-07,95.38288464117795
5278,5726,1.7305336929533408e-05,1.251856775476051e-05,2.9178884995569753e-07,1.868880675215922e-07,95.40656519215554
5279,5727,1.728274184058699e-05,1.2507633848557289e-05,2.8888481822507395e-07,1.886259809778964e-07,95.42410740721971
5280,5728,1.7268583931687137e-05,1.248776731745372e-05,2.8749810080011213e-07,1.9058356062322982e-07,95.4416652051732
5281,5729,1.726117682623128e-05,1.2487392982555596e-05,2.8767427369204325e-07,1.8970411067552515e-07,95.45922304689884
5282,5730,1.725422164535154e-05,1.2491918719242002e-05,2.877983200313464e-07,1.884319725796072e-07,95.47680548578501
5283,5731,1.7242349553657767e-05,1.2491951940790398e-05,2.87041881216465e-07,1.8799788007027184e-07,95.49438941571862
5284,5733,1.7237276940111015e-05,1.2509991914791674e-05,2.8661069050665764e-07,1.8611781202527645e-07,95.51808267924935
5285,5735,1.7231510306197796e-05,1.2513897551755335e-05,2.8655615128803965e-07,1.8520512415620653e-07,95.54175422433764
5286,5736,1.722333195859201e-05,1.2506342574678365e-05,2.866972125875049e-07,1.850017258038595e-07,95.55933430232108
5287,5737,1.721243446507086e-05,1.2505936346941465e-05,2.87204407327843e-07,1.8344540448509648e-07,95.57695356477052
5288,5738,1.720804536446695e-05,1.2506398072632969e-05,2.882323220157107e-07,1.819324071676873e-07,95.59446327667683
5289,5739,1.7203694141837025e-05,1.2506115718901687e-05,2.887262355027621e-07,1.8103160679077178e-07,95.61219497863203
5290,5740,1.7199267708560302e-05,1.2504324413114191e-05,2.8987194817635894e-07,1.7962238136825226e-07,95.62977441959083
5291,5742,1.7195387941823285e-05,1.2518444712658103e-05,2.907725010525793e-07,1.7692182186393913e-07,95.65339588746428
5292,5743,1.7190084417199732e-05,1.2515478647721923e-05,2.8909552407446656e-07,1.783650528733143e-07,95.67092994786799
5293,5744,1.718272273922355e-05,1.2511926601203058e-05,2.86936400698814e-07,1.8014321310323535e-07,95.68846178706735
5294,5745,1.71789192284269e-05,1.2513355196648009e-05,2.8627240528857944e-07,1.8028399788930965e-07,95.70603860169649
5295,5746,1.717422288837272e-05,1.250983850952259e-05,2.8492823530152626e-07,1.8151020258348694e-07,95.72356320917606
5296,5747,1.7169356795068077e-05,1.2512243911835236e-05,2.843374733876729e-07,1.8137381493561132e-07,95.74143986776471
5297,5748,1.716188614500124e-05,1.251194671508622e-05,2.838133237143354e-07,1.8118061927716658e-07,95.77239777240902
5298,5749,1.7154560608216335e-05,1.250234745865494e-05,2.834188935815156e-07,1.818024213746239e-07,95.790381770581
5299,5750,1.714641401220109e-05,1.2500610793878305e-05,2.8451185616306184e-07,1.8006846566921637e-07,95.80800777673721
5300,5751,1.714038568138126e-05,1.2488887873969206e-05,2.858749976544987e-07,1.7927478308670672e-07,95.82552626915276
5301,5752,1.7136106222989534e-05,1.2501933455447935e-05,2.8747144813554293e-07,1.7594582861861708e-07,95.84312641154975
5302,5753,1.713343826928941e-05,1.2501912371510916e-05,2.870276492454808e-07,1.761249405323688e-07,95.86066521145403
5303,5754,1.7129805738823045e-05,1.2506780629940003e-05,2.862328943040187e-07,1.7606961658428555e-07,95.87826017662883
5304,5755,1.7126156027292298e-05,1.2515201979855055e-05,2.857170296101126e-07,1.7537837513361165e-07,95.89577442780137
5305,5756,1.7123635025500536e-05,1.252688950524211e-05,2.855291439619321e-07,1.7414540806391046e-07,95.91336308978498
5306,5757,1.712164336708241e-05,1.2532793327194781e-05,2.8547725774207285e-07,1.734077462466901e-07,95.9309193789959
5307,5758,1.711992005296339e-05,1.254310185745378e-05,2.854149103076712e-07,1.7226690924329005e-07,95.94951630569994
5308,5759,1.711784325244846e-05,1.2543716212782686e-05,2.8539871565778196e-07,1.7201398830879566e-07,95.96713039744645
5309,5760,1.7113146395647517e-05,1.2550019776802371e-05,2.850021991815332e-07,1.7131046270298147e-07,95.98464917391539
5310,5761,1.711018226179317e-05,1.2547796773962162e-05,2.849296720771838e-07,1.7130887670591698e-07,96.00224658381194
5311,5762,1.7107312190492998e-05,1.255955113176152e-05,2.8518950517460476e-07,1.6958660069854296e-07,96.0198033247143
5312,5763,1.7104798423900316e-05,1.2555285574757441e-05,2.853717538923234e-07,1.695795310219642e-07,96.03734478447586
5313,5764,1.7103072988874868e-05,1.2554917660986034e-05,2.8580307178583604e-07,1.690124610030472e-07,96.05489520262927
5314,5765,1.7101287756694328e-05,1.2549141172823172e-05,2.8596143922987143e-07,1.6925321915724414e-07,96.07241117116064
5315,5766,1.70991357615109e-05,1.2541138317392171e-05,2.86477220736094e-07,1.693225236757788e-07,96.08996213320643
5316,5767,1.7096328230702495e-05,1.2524727680584608e-05,2.872870826837602e-07,1.6987297232802858e-07,96.10760172177106
5317,5768,1.709429386956521e-05,1.250773442821443e-05,2.87911226013335e-07,1.7074471812174306e-07,96.12511821463704
5318,5769,1.709243151091853e-05,1.2496489747901815e-05,2.881461222329261e-07,1.714480540687455e-07,96.1429991973564
5319,5770,1.709047886502782e-05,1.2486211954725078e-05,2.881970164053478e-07,1.722296746249265e-07,96.16052299179137
5320,5771,1.7087994372235107e-05,1.2481606489320831e-05,2.8799092676870675e-07,1.7264786152272086e-07,96.1780367847532
5321,5772,1.7084967296802475e-05,1.2476164101571121e-05,2.8786268052851724e-07,1.7301763899461838e-07,96.19554678630084
5322,5773,1.708156497796571e-05,1.2465623245790663e-05,2.8828042024155715e-07,1.7331375297594732e-07,96.2131746802479
5323,5774,1.70809637846069e-05,1.2453318852485275e-05,2.878876770924277e-07,1.7487681611973484e-07,96.23073175456375
5324,5775,1.7077162777157038e-05,1.2439276562653272e-05,2.8906819435623087e-07,1.7472042709414576e-07,96.24824326764792
5325,5776,1.707560276873971e-05,1.2434317572711372e-05,2.892981848243965e-07,1.7483033477843734e-07,96.26591736637056
5326,5777,1.7073292657847064e-05,1.2413007275943514e-05,2.8969724032561344e-07,1.763312978647415e-07,96.28352314420044
5327,5778,1.7071377575178784e-05,1.2394888773770121e-05,2.8998817468390246e-07,1.7766070545696404e-07,96.30110598355532
5328,5779,1.7068916890792494e-05,1.2367542475555923e-05,2.9018602897679715e-07,1.799514125468601e-07,96.3186847306788
5329,5780,1.706688390060738e-05,1.2354219296053632e-05,2.902470198093685e-07,1.810194406460062e-07,96.33630752936006
5330,5781,1.7065586806618904e-05,1.23520690717951e-05,2.9002225572688024e-07,1.8132951775549996e-07,96.35402542352676
5331,5782,1.706473877834528e-05,1.234240992907926e-05,2.90631131278332e-07,1.8160175364826983e-07,96.37174785975367
5332,5783,1.7063784100117238e-05,1.2341676588968166e-05,2.903493734331457e-07,1.8186137768176145e-07,96.38941972330213
5333,5784,1.7062893518470625e-05,1.2344494404428864e-05,2.901139575395739e-07,1.817259538646023e-07,96.40706010069698
5334,5785,1.7061872573631613e-05,1.2337985680769458e-05,2.899967109668227e-07,1.8239197831939265e-07,96.42504688631743
5335,5786,1.7060026106610793e-05,1.232621920814755e-05,2.8966122398361574e-07,1.8371946586270848e-07,96.44254889059812
5336,5787,1.7058862177460534e-05,1.2318882800422875e-05,2.9030440613135516e-07,1.8369353157241097e-07,96.46002911310643
5337,5789,1.7058023687906818e-05,1.2314211723514933e-05,2.897206939232148e-07,1.8466050251597365e-07,96.48379850760102
5338,5790,1.7055667200785152e-05,1.2302153007760282e-05,2.893289404199818e-07,1.8602247888250514e-07,96.50134707335383
5339,5791,1.7053816267019466e-05,1.2303828799755358e-05,2.892192486967268e-07,1.8577949802968405e-07,96.51891419477761
5340,5792,1.705190259835898e-05,1.2302604003211557e-05,2.8910252979122785e-07,1.8582732972351425e-07,96.53644882049412
5341,5794,1.7051058930623893e-05,1.2307323989717281e-05,2.892708008057968e-07,1.8510269328486418e-07,96.5600944487378
5342,5795,1.7049224984485217e-05,1.2300928706007463e-05,2.8925418360556985e-07,1.855754442422057e-07,96.57757566310465
5343,5797,1.7047068818122626e-05,1.2314858094068592e-05,2.8910233993238563e-07,1.841187324730176e-07,96.60120492428541
5344,5798,1.7043943487540393e-05,1.2312540535932696e-05,2.8829215041074524e-07,1.8484814475002436e-07,96.61871204525232
5345,5799,1.7038394541827352e-05,1.2303359946398346e-05,2.8831184275897273e-07,1.851916167839278e-07,96.63627806305885
5346,5800,1.7033607711684677e-05,1.2284426412802106e-05,2.889485336799802e-07,1.859695962082769e-07,96.65380242280662
5347,5801,1.7030962367229734e-05,1.2283417541597849e-05,2.902437317983415e-07,1.8451075076484716e-07,96.67133683245629
5348,5802,1.7027025221133963e-05,1.2269526117560085e-05,2.9170545219491883e-07,1.8404445816246904e-07,96.68943560030311
5349,5803,1.7023473009708417e-05,1.227223544091066e-05,2.9216871723268694e-07,1.8295503964708875e-07,96.70693228207529
5350,5804,1.701989423597053e-05,1.2280804602911e-05,2.936696415217828e-07,1.8023932178417045e-07,96.7244993057102
5351,5805,1.701698238814936e-05,1.2293481425691827e-05,2.9378133741402045e-07,1.7856875883173266e-07,96.74259433057159
5352,5806,1.7012081832309903e-05,1.2297665177737745e-05,2.942313674692863e-07,1.7721029798792957e-07,96.76048063021153
5353,5807,1.7009709987346732e-05,1.2316722805344432e-05,2.940430499974931e-07,1.752556682027371e-07,96.77809680905193
5354,5808,1.7005825794789345e-05,1.2302738948362654e-05,2.93671357055235e-07,1.7663732758743417e-07,96.79559581819922
5355,5809,1.7002119458120446e-05,1.2277045679281492e-05,2.93004692900043e-07,1.795026849838524e-07,96.8132294267416
5356,5810,1.6998402319396783e-05,1.226909545233669e-05,2.9241268136234253e-07,1.8051800534366688e-07,96.83083710167557
5357,5811,1.6994835966455764e-05,1.2262069727276786e-05,2.9149322001703664e-07,1.817834039008613e-07,96.84885122254491
5358,5812,1.699147076893096e-05,1.2258585644555507e-05,2.908672286905778e-07,1.8242128374696748e-07,96.86699555628002
5359,5813,1.6989363956640633e-05,1.225270930052298e-05,2.9066104919607265e-07,1.830044164156928e-07,96.88457869458944
5360,5814,1.6986013754098226e-05,1.224947512193684e-05,2.9015969154875177e-07,1.8349417166738676e-07,96.90212967526168
5361,5815,1.698053121695003e-05,1.224090363169251e-05,2.9026986372008955e-07,1.8369289480566234e-07,96.91964629851282
5362,5816,1.6973850502438243e-05,1.224602498072952e-05,2.8982979472590045e-07,1.8295275744497193e-07,96.93775908928365
5363,5817,1.6964623703950183e-05,1.2263400423259311e-05,2.891437974018797e-07,1.8097853066720725e-07,96.9553269520402
5364,5818,1.6956059447832024e-05,1.2286956732347379e-05,2.883689964450973e-07,1.7854127510336724e-07,96.97282784990966
5365,5819,1.6949338354270406e-05,1.2290090648784619e-05,2.8737815987250615e-07,1.7854661067607264e-07,96.99038023687899
5366,5820,1.6943603414968112e-05,1.2310315818515443e-05,2.8607457786954655e-07,1.772541817757202e-07,97.00795595627278
5367,5821,1.6940211022472683e-05,1.2295408246634427e-05,2.861942267160386e-07,1.7828605086778685e-07,97.02558495290577
5368,5822,1.693670722323265e-05,1.2303770290457442e-05,2.866912195881105e-07,1.766024736894103e-07,97.0430720411241
5369,5823,1.6933755060880107e-05,1.2309304809000509e-05,2.859479845585278e-07,1.7649704062943223e-07,97.06060922518373
5370,5824,1.692954740950208e-05,1.2306712653321359e-05,2.8597724275892434e-07,1.7630623285914762e-07,97.07813506014645
5371,5825,1.692406997179578e-05,1.2293165260960001e-05,2.851885919022517e-07,1.7790187918132626e-07,97.0956529583782
5372,5826,1.6914195668702755e-05,1.2262037195054198e-05,2.850458813008011e-07,1.8016996606405468e-07,97.11325537506491
5373,5827,1.6904240407319167e-05,1.2233755591642251e-05,2.8545156559906513e-07,1.8159691596862637e-07,97.13084282539785
5374,5828,1.6897636427991875e-05,1.2234332147551049e-05,2.8523259986510707e-07,1.8109782817897534e-07,97.14877457264811
5375,5829,1.689117723372562e-05,1.2239722156362972e-05,2.846986714669913e-07,1.8044683626927338e-07,97.16747536789626
5376,5830,1.6882231540193992e-05,1.2264856122521267e-05,2.8488348653001905e-07,1.7685405523725363e-07,97.18500874284655
5377,5831,1.687061609673246e-05,1.2315869186025696e-05,2.8320697465361116e-07,1.7226771641706554e-07,97.20254067517817
5378,5832,1.6861299677447022e-05,1.2348189297300524e-05,2.8252528177908874e-07,1.6878575623556092e-07,97.22009836882353
5379,5833,1.6851033675144662e-05,1.2394032766419002e-05,2.819097471028635e-07,1.6379034376970264e-07,97.23767171800137
5380,5834,1.6842043048360916e-05,1.2353616597828694e-05,2.833039515615353e-07,1.6553869349168683e-07,97.25517881568521
5381,5836,1.6836661273277072e-05,1.2339050040077555e-05,2.8197987000851394e-07,1.6778125331143763e-07,97.2787429690361
5382,5837,1.683022645839556e-05,1.2326536764404803e-05,2.832545354582255e-07,1.6711443394085027e-07,97.29633734282106
5383,5838,1.6827493556351327e-05,1.2310013762138694e-05,2.827885357139445e-07,1.6895944370731882e-07,97.3139608791098
5384,5839,1.682288094659394e-05,1.2316310997442412e-05,2.831162459940121e-07,1.6754074892114094e-07,97.3315519168973
5385,5840,1.682015219061778e-05,1.232589840057093e-05,2.825178884862992e-07,1.669074905183858e-07,97.34908391255885
5386,5841,1.68166655549131e-05,1.2325300311378709e-05,2.813317552116221e-07,1.6780476914181695e-07,97.36672571487725
5387,5842,1.6811999775926606e-05,1.2305975591303077e-05,2.809279098094011e-07,1.6967450865295174e-07,97.38423553202301
5388,5843,1.6807714866110176e-05,1.2299373096328689e-05,2.8145038605161294e-07,1.6938379092653579e-07,97.40181009750813
5389,5844,1.6805396767499812e-05,1.2275614006149823e-05,2.849940986725587e-07,1.6798417746244032e-07,97.41933740861714
5390,5845,1.6800632040975907e-05,1.2285825703817059e-05,2.8370773906762896e-07,1.67772894648256e-07,97.43707608990371
5391,5846,1.6796944057045977e-05,1.229105559717546e-05,2.83146538283377e-07,1.6744230770367463e-07,97.45459741633385
5392,5847,1.678994929637552e-05,1.2293898165298963e-05,2.825519285951036e-07,1.6705318451255243e-07,97.47212301380932
5393,5848,1.6784386278913448e-05,1.2290031244225808e-05,2.8342518383775766e-07,1.6601031963100655e-07,97.48971017636359
5394,5849,1.6776014029986896e-05,1.2268084344436856e-05,2.852367123539321e-07,1.655562562010719e-07,97.50723319780082
5395,5850,1.6769287600911925e-05,1.225654261587269e-05,2.8475077783252885e-07,1.6652372067139474e-07,97.52485573012382
5396,5851,1.676327802680184e-05,1.2243043667337935e-05,2.8538315355859905e-07,1.6664028238779122e-07,97.54235647246242
5397,5852,1.675739244192137e-05,1.22302048461092e-05,2.847250885643626e-07,1.6799367101685435e-07,97.55991661176085
5398,5853,1.6751612950643864e-05,1.2213688202034692e-05,2.845207356906299e-07,1.6927173917028744e-07,97.57744799368083
5399,5854,1.6744521462988036e-05,1.2208414032607573e-05,2.8463303799401236e-07,1.68977705044034e-07,97.5949722090736
5400,5855,1.6739219530134106e-05,1.2208955192442374e-05,2.8229764286254276e-07,1.707287909066303e-07,97.6125785978511
5401,5857,1.6735250970182375e-05,1.2200760434220042e-05,2.8083038668533513e-07,1.7261866691089836e-07,97.63628041837364
5402,5858,1.672607562468518e-05,1.2207149436325664e-05,2.8126293208153186e-07,1.7062968675441962e-07,97.65377742704004
5403,5859,1.6721869479976005e-05,1.2224172862138656e-05,2.811502680936265e-07,1.6861939369010843e-07,97.67134441342205
5404,5860,1.6716255536440112e-05,1.2238495420661604e-05,2.838471624339299e-07,1.6392884914392074e-07,97.68979648314416
5405,5861,1.671016740216297e-05,1.2227055229928424e-05,2.8158288954866306e-07,1.667283276747918e-07,97.70728059764951
5406,5862,1.6706967687489417e-05,1.2239994218861404e-05,2.796738143082372e-07,1.6702353255456425e-07,97.72484747227281
5407,5863,1.6703371081428005e-05,1.2243119920609443e-05,2.7978497766810537e-07,1.6624013841375083e-07,97.74242571368814
5408,5864,1.6697475826801246e-05,1.2253993525846608e-05,2.7914705116003756e-07,1.652011789354261e-07,97.75999364815652
5409,5865,1.669142805441579e-05,1.2267194822377462e-05,2.772172837366006e-07,1.652060394672322e-07,97.77752455882728
5410,5866,1.6679442220367463e-05,1.2268951711108676e-05,2.74779295026417e-07,1.6626975589946167e-07,97.79512748401612
5411,5867,1.6671806255783982e-05,1.2270650160352916e-05,2.713611694189149e-07,1.6875444012419188e-07,97.81272617354989
5412,5869,1.666711898078124e-05,1.2264906610062976e-05,2.7162856833328867e-07,1.685926687385377e-07,97.83643135707825
5413,5870,1.666244041372215e-05,1.2251678007176898e-05,2.7211802106031113e-07,1.6895821959421441e-07,97.85394723061472
5414,5871,1.665706793536435e-05,1.2235354847942555e-05,2.7353928355841546e-07,1.6863202518376436e-07,97.87158443965018
5415,5872,1.6651959833965106e-05,1.222511839902196e-05,2.7467113345237006e-07,1.6801301004194472e-07,97.88915397413075
5416,5873,1.6646221557424082e-05,1.2203041445490775e-05,2.7538284252785596e-07,1.6893516866547485e-07,97.90670432709157
5417,5874,1.6642026927235067e-05,1.2202833079279106e-05,2.7444350182704345e-07,1.6947588296855276e-07,97.9242132641375
5418,5875,1.6639046580674415e-05,1.2195864761868083e-05,2.7368462506621394e-07,1.7063355681441924e-07,97.94169810879976
5419,5876,1.663630912916369e-05,1.219751869372758e-05,2.722707077087726e-07,1.7160833583483846e-07,97.95921369362622
5420,5877,1.6631467158300464e-05,1.2197860409433146e-05,2.7133360427036395e-07,1.7202707061636793e-07,97.97682806290686
5421,5878,1.662827413907899e-05,1.2204478844246237e-05,2.6891461347882656e-07,1.7346491600444842e-07,97.99432720150799
5422,5879,1.6623277746687676e-05,1.219234851703508e-05,2.7030159130433606e-07,1.7279133166092344e-07,98.01193437445909
5423,5880,1.6619942284718878e-05,1.218344791190337e-05,2.7028245609526725e-07,1.7336698118628349e-07,98.0295848660171
5424,5881,1.66193651622193e-05,1.2184124056939828e-05,2.7161170966239563e-07,1.7191240086555195e-07,98.04712836258113
5425,5882,1.661607535687722e-05,1.2185297597721193e-05,2.702155711710986e-07,1.7286220474450406e-07,98.06474329065531
5426,5883,1.6614572630657404e-05,1.2182463909779155e-05,2.6936359293303785e-07,1.7384727915478724e-07,98.08228118158877
5427,5884,1.6612514496340852e-05,1.2189091446843055e-05,2.6861760790535686e-07,1.7372469704442287e-07,98.09981676656753
5428,5885,1.6609434049899104e-05,1.2189481300452248e-05,2.6807757746110457e-07,1.7391769748358098e-07,98.11735480371863
5429,5886,1.6606340456262527e-05,1.2197782359904832e-05,2.667077414096585e-07,1.741480682261111e-07,98.13495129533112
5430,5887,1.660139018793869e-05,1.2194553500794008e-05,2.6519170254959366e-07,1.7549196616487462e-07,98.15247982181609
5431,5889,1.660009878429538e-05,1.2197142482607442e-05,2.645131070280587e-07,1.7578252314073524e-07,98.1768515072763
5432,5890,1.6593823374097976e-05,1.2183510332395058e-05,2.632713089330363e-07,1.7775999523725555e-07,98.19434394873679
5433,5892,1.65911639260153e-05,1.2179610335989693e-05,2.6141927040997307e-07,1.7973608859258773e-07,98.21804979257286
5434,5893,1.6585387710083068e-05,1.215900990457497e-05,2.609106497841183e-07,1.817271307666915e-07,98.23696981649846
5435,5894,1.658005597435332e-05,1.2149927132719135e-05,2.6033108627064283e-07,1.8268179789277548e-07,98.25448144879192
5436,5895,1.6574260481983423e-05,1.2125274690321546e-05,2.60083197596647e-07,1.848153815695409e-07,98.27206644788384
5437,5896,1.6571039690307204e-05,1.2124007682568745e-05,2.606500614411578e-07,1.8405313933268838e-07,98.28964690770954
5438,5897,1.656837033295914e-05,1.2118219521593054e-05,2.606647114607397e-07,1.843503696758689e-07,98.30815689824522
5439,5898,1.6564517253465262e-05,1.2107797296538001e-05,2.605401915897906e-07,1.8513180410293565e-07,98.32569047063589
5440,5899,1.656158401856001e-05,1.210074442847908e-05,2.6057267856725885e-07,1.8551128044083418e-07,98.34322107024491
5441,5900,1.6557160869969002e-05,1.2095770494238072e-05,2.606307774224676e-07,1.8550826015062555e-07,98.3607264533639
5442,5901,1.6552955738003658e-05,1.2096781905728238e-05,2.608467837348333e-07,1.8477059949270886e-07,98.37823541276157
5443,5902,1.654691514403984e-05,1.2100602522351976e-05,2.618933087197368e-07,1.8273795344904964e-07,98.395756338723
5444,5904,1.654403661072445e-05,1.2114771163456554e-05,2.6131096348717333e-07,1.8161558123961635e-07,98.41944931074977
5445,5905,1.65376798016016e-05,1.2127168449995434e-05,2.639691764246401e-07,1.7708195873597645e-07,98.43706672918051
5446,5906,1.653059886093289e-05,1.2119241443754535e-05,2.63570211402193e-07,1.7756553031564257e-07,98.45456323027611
5447,5907,1.6519993079530158e-05,1.2153201432574327e-05,2.6555955171424673e-07,1.711196129813364e-07,98.47216565534472
5448,5908,1.650192131776289e-05,1.2145805985017965e-05,2.633297723379685e-07,1.7228176093652376e-07,98.48970762081444
5449,5909,1.649071043919345e-05,1.2125155923968632e-05,2.595584587904836e-07,1.7699699273199825e-07,98.50720838177949
5450,5910,1.647962340924329e-05,1.2131455542820508e-05,2.625153079147576e-07,1.7230147872752088e-07,98.5248138802126
5451,5911,1.646149592331071e-05,1.2143177639489626e-05,2.6456535190702767e-07,1.672664764750809e-07,98.54233421105891
5452,5912,1.644186470675092e-05,1.2172877743504591e-05,2.639881525723176e-07,1.629105437523153e-07,98.56029082741588
5453,5913,1.6425366993762975e-05,1.219649969768648e-05,2.640248509922974e-07,1.5886187861535193e-07,98.57783069647849
5454,5914,1.6407145478956197e-05,1.2213372533911232e-05,2.650908224045495e-07,1.542864720999472e-07,98.59537718072534
5455,5915,1.6395341443267755e-05,1.2231227239653434e-05,2.665909658407143e-07,1.4982045452071796e-07,98.61296069063246
5456,5916,1.637739116127606e-05,1.2214611929955443e-05,2.6725795416118673e-07,1.490199689708751e-07,98.63046540971845
5457,5917,1.6368259575010375e-05,1.2219279098556157e-05,2.684961152248356e-07,1.4640193242058617e-07,98.64799588359892
5458,5918,1.6356946654290077e-05,1.2210069561198884e-05,2.6849029761604003e-07,1.4619741169307931e-07,98.66560985241085
5459,5919,1.6347251582968445e-05,1.222254131649056e-05,2.6856392561511227e-07,1.4390710103267614e-07,98.68316008429974
5460,5920,1.6335766579533685e-05,1.2246339979350414e-05,2.694041254080317e-07,1.3953853461029552e-07,98.70071941800416
5461,5921,1.633282883053974e-05,1.2274934838653199e-05,2.705420386377386e-07,1.3524736055091523e-07,98.71822418086231
5462,5922,1.632126162551692e-05,1.2267883398224981e-05,2.700317018716992e-07,1.353061208574949e-07,98.73581523261964
5463,5923,1.6313428652971508e-05,1.2265599721597966e-05,2.693953123012691e-07,1.353875808360851e-07,98.75338841788471
5464,5924,1.6302532215653168e-05,1.2283185738113428e-05,2.6816211266368136e-07,1.3377253509029257e-07,98.77101045753807
5465,5925,1.629250483952134e-05,1.2306680761290735e-05,2.6687747817047785e-07,1.3170492965258249e-07,98.78855772968382
5466,5926,1.628432254218733e-05,1.2333112211454943e-05,2.653594114125852e-07,1.297616216606536e-07,98.80607432033867
5467,5927,1.627642098045167e-05,1.2356791040744606e-05,2.644085308587751e-07,1.2755446311193137e-07,98.82363236322999
5468,5928,1.6267452034065604e-05,1.2367184524290225e-05,2.638166438601037e-07,1.2621010711743432e-07,98.84230460319668
5469,5929,1.625807621481423e-05,1.2356878280600631e-05,2.651182358349062e-07,1.250015575864538e-07,98.85981271415949
5470,5930,1.624873958142144e-05,1.235607539493587e-05,2.6596595937053996e-07,1.23300459278017e-07,98.87852200958878
5471,5931,1.6241305302229016e-05,1.2309582351138019e-05,2.682136598167833e-07,1.2495863529231663e-07,98.8961285026744
5472,5932,1.6234578333114143e-05,1.2310577245821352e-05,2.683931691109575e-07,1.240069396183215e-07,98.91425234358758
5473,5933,1.622485455992093e-05,1.230768215677607e-05,2.674219767700011e-07,1.242952635444851e-07,98.93263226281852
5474,5934,1.6218053259021118e-05,1.2309985072537934e-05,2.6665371389084985e-07,1.241531047574685e-07,98.95030366629362
5475,5935,1.621100478263761e-05,1.230455931539165e-05,2.661050231550223e-07,1.2453952356957364e-07,98.96873067971319
5476,5936,1.620518471687632e-05,1.2297572403081608e-05,2.6564321174086323e-07,1.2511801963860806e-07,98.98636041674763
5477,5937,1.61996062889555e-05,1.2288978615359641e-05,2.6558564717836483e-07,1.254771201812213e-07,99.00387472100556
5478,5938,1.619506595769768e-05,1.2267075786225434e-05,2.685224831514872e-07,1.2427653399573754e-07,99.02147377748042
5479,5940,1.6189968780846655e-05,1.2283448404498444e-05,2.679036078064041e-07,1.2274842982841705e-07,99.04515337385237
5480,5941,1.6183775491681248e-05,1.228648442095756e-05,2.678483458232206e-07,1.218807612491482e-07,99.0626574344933
5481,5942,1.6172190656699437e-05,1.22828479147612e-05,2.693884710881898e-07,1.1954580310563393e-07,99.08024904876947
5482,5944,1.617035447888326e-05,1.2284309334952928e-05,2.692926600889975e-07,1.1931185430403591e-07,99.10386201366782
5483,5945,1.6158862695341535e-05,1.2281735957796205e-05,2.708997185015361e-07,1.1681295525299685e-07,99.12139919400215
5484,5946,1.614471855334201e-05,1.2266958186331143e-05,2.7152985786428527e-07,1.1624617883680146e-07,99.13899516686797
5485,5948,1.613890370305828e-05,1.2277623533469572e-05,2.7155395945987577e-07,1.1457405749899498e-07,99.16260798182338
5486,5949,1.6128837496524895e-05,1.226101910203889e-05,2.7105126995688225e-07,1.1573056949171811e-07,99.18045501969755
5487,5950,1.612209874689312e-05,1.2259021432616906e-05,2.6920093329752816e-07,1.1710679813009359e-07,99.1980559360236
5488,5951,1.6113626031705065e-05,1.2248116936470207e-05,2.6836043998454457e-07,1.1819046953894124e-07,99.21564601827413
5489,5952,1.610315365545675e-05,1.2236734038322792e-05,2.6869883003451575e-07,1.1794313167888006e-07,99.23327252175659
5490,5953,1.6092480805647565e-05,1.2228111199338576e-05,2.6776617191925315e-07,1.1867078871164576e-07,99.25079512037337
5491,5954,1.6087865062853233e-05,1.2212022804082003e-05,2.673195001141515e-07,1.2026472576297147e-07,99.26844358909875
5492,5955,1.6084797051245403e-05,1.2220812498194377e-05,2.6789271992039544e-07,1.1850573538470705e-07,99.28602876700461
5493,5956,1.6079824574929353e-05,1.2218305182409379e-05,2.663209320318063e-07,1.198310072201912e-07,99.304129303433
5494,5957,1.6076497723135235e-05,1.2215242433153182e-05,2.6564884519959854e-07,1.2047668379860682e-07,99.32168479356915
5495,5958,1.6072456653083448e-05,1.2209801744504743e-05,2.654780695205383e-07,1.207874213373321e-07,99.33923319075257
5496,5959,1.6070643719322245e-05,1.2216945984839822e-05,2.644382978114349e-07,1.2093147563680738e-07,99.35674754343927
5497,5960,1.6064723080306938e-05,1.2204004805822128e-05,2.659021841478974e-07,1.2016964330058372e-07,99.37438062857836
5498,5961,1.6062027756889682e-05,1.2198309719173847e-05,2.6542467704773907e-07,1.209471267238446e-07,99.39197573065758
5499,5962,1.6057615649096263e-05,1.2188544601240438e-05,2.651503124969004e-07,1.2175679228868228e-07,99.40947852935642
5500,5963,1.605353294406068e-05,1.2178598014849116e-05,2.647101285401169e-07,1.2278336438103927e-07,99.42700730729848
5501,5965,1.60516793011055e-05,1.2153012928352108e-05,2.6458258546508706e-07,1.2528405181025245e-07,99.44910169020295
5502,5966,1.6045447308140777e-05,1.2147474646622556e-05,2.6472875670227666e-07,1.250685094495453e-07,99.46594790369272
5503,5967,1.6040964568470502e-05,1.2140881810932143e-05,2.654175178148402e-07,1.2459075793899576e-07,99.4828226165846
5504,5968,1.6035797239464297e-05,1.2116526155806784e-05,2.6614615409672953e-07,1.257809542690216e-07,99.50000453274697
5505,5969,1.6029882795406856e-05,1.2085261203880201e-05,2.677751738767156e-07,1.2668698527594983e-07,99.51691776048392
5506,5970,1.6025207318232636e-05,1.2061849889911906e-05,2.6862658104276143e-07,1.2770916178931151e-07,99.53379890974611
5507,5971,1.6020699611538792e-05,1.2049490330441017e-05,2.69283389974219e-07,1.2783753813555855e-07,99.55208714678884
5508,5972,1.601647035766364e-05,1.204617532192821e-05,2.695672937912843e-07,1.2746220978225867e-07,99.57029648125172
5509,5973,1.6015107210088587e-05,1.2051827312782629e-05,2.690962416541912e-07,1.2723174807640457e-07,99.5873136902228
5510,5974,1.6010770812127418e-05,1.2046570569258084e-05,2.689422479677265e-07,1.2747777631920694e-07,99.6050943993032
5511,5975,1.600776534240533e-05,1.204672453586719e-05,2.692887483475286e-07,1.2681533230628534e-07,99.62213829252869
5512,5976,1.6005307923608283e-05,1.204097387268785e-05,2.6932408618352655e-07,1.2710931890851684e-07,99.63915022369474
5513,5977,1.600303853159637e-05,1.204422628275195e-05,2.6900485608402135e-07,1.2687636880042055e-07,99.65617948491126
5514,5978,1.5999995520556077e-05,1.2047849495904488e-05,2.6880208811613857e-07,1.2641251434902026e-07,99.6733005978167
5515,5979,1.5996276616945584e-05,1.2053853617421341e-05,2.678259659938954e-07,1.2641633395852882e-07,99.69129147101194
5516,5980,1.599178236191294e-05,1.2057653804714969e-05,2.6790277580443875e-07,1.255100799153583e-07,99.70839382242411
5517,5981,1.5987643705525428e-05,1.2054855422407969e-05,2.680928597847032e-07,1.2518596852704268e-07,99.72551092877984
5518,5982,1.5982949378579194e-05,1.2046554188929062e-05,2.685198367238897e-07,1.2511968224112334e-07,99.74269195273519
5519,5983,1.5977802561475583e-05,1.2023541703857647e-05,2.695846780388785e-07,1.2584140772291498e-07,99.75990470778197
5520,5984,1.5973393487992038e-05,1.2013896275482715e-05,2.690039320840792e-07,1.2694578916685295e-07,99.77716893702745
5521,5985,1.5967760869403986e-05,1.1986442300953275e-05,2.698331973477018e-07,1.282986594973692e-07,99.79443691205233
5522,5986,1.5961126633039468e-05,1.1942898164450037e-05,2.731670899858911e-07,1.286557568730521e-07,99.81174016464502
5523,5987,1.5954871755074022e-05,1.1931528282077048e-05,2.71546895539102e-07,1.3078745176059523e-07,99.82902846392244
5524,5988,1.5950942173337624e-05,1.1926964963023506e-05,2.6984595784300954e-07,1.3255176318840233e-07,99.8462847918272
5525,5989,1.5948258430178282e-05,1.195043755789623e-05,2.6993619961306256e-07,1.2984588761514298e-07,99.863695403561
5526,5990,1.594041598455289e-05,1.1926792595779787e-05,2.6922024056565516e-07,1.321420983116551e-07,99.88110978435725
5527,5991,1.5935864876340053e-05,1.1914077071671966e-05,2.705840623517868e-07,1.3159471811502193e-07,99.89850203599781
5528,5992,1.593190203732719e-05,1.1902515108637916e-05,2.711707611852412e-07,1.3176793168368651e-07,99.91598468273878
5529,5993,1.592728703910243e-05,1.1903860402308192e-05,2.716883584675814e-07,1.306543052118423e-07,99.93348922673613
5530,5994,1.592477563338173e-05,1.1866409276685223e-05,2.7186399712703667e-07,1.339726385426139e-07,99.95101042184979
5531,5995,1.5919915355982402e-05,1.1884499312434167e-05,2.727240653525096e-07,1.3081753900231383e-07,99.96864148788154
5532,5996,1.5917046517356245e-05,1.1886109661763764e-05,2.7237995057011774e-07,1.3071373498913038e-07,99.9869330516085
5533,5997,1.5913799021246948e-05,1.1878812994563247e-05,2.7209926507810744e-07,1.3139933759026246e-07,100.00435856264085
5534,5998,1.5910361088047533e-05,1.1856718220652397e-05,2.716323584170433e-07,1.3373192832247013e-07,100.02197826467454
5535,5999,1.5907009208926494e-05,1.1840030417285749e-05,2.709587997230627e-07,1.3573907944101177e-07,100.04008167609572
5536,6000,1.5903362547161045e-05,1.181468552738274e-05,2.7053486475253995e-07,1.3833283722529048e-07,100.05758643243462
5537,6001,1.5901590644551388e-05,1.1809707994085753e-05,2.706228167912513e-07,1.38565448255312e-07,100.07510005589575
5538,6003,1.5900916415275676e-05,1.1806894170551599e-05,2.705057173838673e-07,1.3889650708854053e-07,100.09883929975331
5539,6004,1.589964360266749e-05,1.180590337897602e-05,2.7075119046121996e-07,1.3862283190792713e-07,100.1170520093292
5540,6005,1.5897971705381208e-05,1.1808056766350688e-05,2.712534713098228e-07,1.3773802259322933e-07,100.136470079422
5541,6006,1.5896352979724864e-05,1.1807737771736653e-05,2.715961946464542e-07,1.3726532615236698e-07,100.15399705991149
5542,6007,1.5894544512720585e-05,1.1817204221316321e-05,2.7310572975392826e-07,1.3462829938649802e-07,100.17163053620607
5543,6008,1.5892511988978834e-05,1.1810487253401345e-05,2.7312343502384426e-07,1.3507903853390466e-07,100.18920241761953
5544,6009,1.589009041728249e-05,1.1804693689735425e-05,2.7331403616172223e-07,1.3522563659298415e-07,100.20673883333802
5545,6010,1.588835775211997e-05,1.1800749517090222e-05,2.7367200632876823e-07,1.3508881717420648e-07,100.22422930505127
5546,6011,1.5886585090934788e-05,1.180492982769739e-05,2.7368267572735134e-07,1.3448285059638858e-07,100.24181382264942
5547,6012,1.5884906457636073e-05,1.1807582140614477e-05,2.737622850381121e-07,1.339701466640474e-07,100.25937706418335
5548,6013,1.588339311023749e-05,1.181529150845623e-05,2.735417430291068e-07,1.3326841714901925e-07,100.27689388021827
5549,6014,1.58821168419915e-05,1.182362972645785e-05,2.734247215866163e-07,1.3242398996674889e-07,100.29450207110494
5550,6015,1.5880652131048683e-05,1.1831985091758764e-05,2.732259713550301e-07,1.316407325739615e-07,100.31191866099834
5551,6016,1.5879191718043827e-05,1.1832037543057514e-05,2.7295757116451366e-07,1.3175784633411755e-07,100.32942963391542
5552,6017,1.5877958375205304e-05,1.1838379279571948e-05,2.731069469051264e-07,1.3085096265820914e-07,100.34706757310778
5553,6018,1.587699728023987e-05,1.1833166504378205e-05,2.726283733852082e-07,1.3175470420095845e-07,100.36475180089474
5554,6019,1.5875921051244056e-05,1.1823039509264067e-05,2.722172801951403e-07,1.3307087400285858e-07,100.38237875979394
5555,6020,1.5874934986651552e-05,1.181842610437028e-05,2.719782756537579e-07,1.3367261257436945e-07,100.40005915984511
5556,6021,1.5873798179685366e-05,1.1812413944795016e-05,2.715605320150504e-07,1.3457789147398442e-07,100.41770086158067
5557,6022,1.5872762626937617e-05,1.1804972894161228e-05,2.7139395501884754e-07,1.353850182587912e-07,100.4352110773325
5558,6023,1.587196833198988e-05,1.1798127807176402e-05,2.7134432756175793e-07,1.3603972491959008e-07,100.45308173634112
5559,6023,1.587196833198988e-05,1.1798127807176402e-05,2.7134432756175793e-07,1.3603972491959008e-07,100.46491097472608
5560,6024,1.587196833198988e-05,1.1798127807176402e-05,2.7134432756175793e-07,1.3603972491959008e-07,100.48222493752837
